paper,CDRS/CDRS-the-paper-gamma.dat,12.5714055711,1351.6639031988,74.3072566099,0.0373292156,53.8355960746,324.4586292747,86.4277136358,77.1368265010,207.9612778056,109.6798989308,7.8845354693,72.9689246037,63.0710854483,0.0373292156,3073.0160640873,863.6610484469,66.7547131197,88.1983886714,0.0373292156,0.0373292156
cite,CDRS/related/00210604-gamma.dat,54.5691866568,238.5204165896,42.0435926648,56.9431394614,35.8493231445,43.6469574395,216.3536882651,123.5627730567,970.2739438348,0.0373292156,267.2329276259,38.1407662396,90.0390527730,53.5934577350,25.5343566230,566.6443659436,5.3414671911,0.0373292156,12.3711911007,20.0113195350
cite,CDRS/related/06-popl-autolocker-gamma.dat,18.7048637607,0.0373292156,116.2511085004,0.0373292156,53.0204337742,122.3260071689,137.6342069430,49.8102836185,304.5913848889,509.7259904982,0.0373292156,330.6101738038,346.3025801180,135.4975534319,4734.1677575748,280.2756341901,291.3598698451,161.2820901168,0.0373292156,0.0373292156
cite,CDRS/related/Linearizability-ACorrectnessConditionForConcurrentObjects-gamma.dat,0.0373292156,52.4031911846,83.2967189490,2.6071186078,47.7600083245,192.3944048671,558.1549085798,0.0373292156,382.0635976510,129.0996026418,167.4785741229,33.9702464128,848.8984852394,0.0373292156,3172.9728462678,31.1665103078,932.8893307155,29.7953830092,232.1695681326,193.5141016508
cite,CDRS/related/OPODIS2006-BA-gamma.dat,63.1427715489,356.0132148823,75.8040429034,91.0116749910,58.0959746824,155.1438675344,10.8834121588,0.0373292156,126.2584741707,135.9805562234,3.3300660469,45.1387706924,102.7142275764,0.0373292156,1226.0875819682,727.3534487538,43.6447483920,33.9944349239,0.0373292156,0.0373292156
cite,CDRS/related/ScalaOverview-gamma.dat,0.0373292156,441.6440443981,64.9108825891,2.4717140006,47.5761273426,66.1947852691,666.5198947610,62.8385071633,1326.1943274609,1179.7312895409,4883.6820804838,79.0424704017,192.2111001509,0.0373292156,104.1958777525,217.0068990204,275.3308088925,23.4934037579,7.5440453164,64.0836675782
cite,CDRS/related/ShavitTouitou-gamma.dat,405.1194842543,0.0373292156,203.4092368670,9.8874043680,80.9486917027,69.0883082311,144.3895705777,109.0426632032,379.7238320227,50.6209772578,129.1333696341,113.2131685326,277.9292413101,162.8135913933,3002.8988741302,127.2406106476,511.9037823440,45.9927138716,115.8472737588,9.5064609886
cite,CDRS/related/chp%3A10.1007%2F978-3-540-89740-8_10-gamma.dat,58.3724376328,0.0373292156,11.9380652489,0.0373292156,352.4566552454,300.7531905535,73.9579451289,133.9132151114,148.6587591280,0.0373292156,0.0373292156,0.0373292156,0.0373292156,180.6556368328,1406.1107954226,707.0927797383,0.0373292156,92.5011413283,0.0373292156,0.0373292156
cite,CDRS/related/consistencycacm-gamma.dat,2.1267088504,0.0373292156,15.1998612674,67.2436016540,72.1968107162,316.0957531344,305.1326927481,46.7198799523,260.7617945718,0.0373292156,48.8093953639,56.6461447394,381.4226578371,0.0373292156,1682.2630135078,14.5288613489,237.3467568009,13.1471222964,322.6310521666,6.3624897088
cite,CDRS/related/distil-gamma.dat,92.9663155283,661.8452050082,48.7577048605,374.1851746562,20.0110832345,0.0373292156,56.1270750946,0.0373292156,2132.8686855398,126.5630575861,411.6873557502,534.7374216606,25.1315340369,31.8555999106,14.8130652134,253.1614689701,31.0192354435,115.4750801263,0.0373292156,142.4295340447
cite,CDRS/related/esop12lockplacements-gamma.dat,0.0373292156,490.2838721030,533.3570042476,0.0373292156,3.0398555536,174.9500290045,159.0525225611,28.0762355230,0.0373292156,88.5867325721,57.8568851553,0.0373292156,218.0202459187,64.5041234772,2515.4136768859,843.9004370276,278.6936582208,39.0512535588,150.6263594043,3.1843762356
cite,CDRS/related/halpert-07-component-gamma.dat,497.9429827188,0.0373292156,135.6295279871,8.0512396706,318.8440509161,170.1268262525,68.8774331910,57.7629491054,81.3656586466,0.0373292156,223.0199197613,74.9552608988,7.4469447257,565.2886743747,1931.6299061762,195.3193859228,62.9953416905,816.3411654106,0.0373292156,0.0373292156
cite,CDRS/related/ieee-tse-00-gamma.dat,647.0404651772,478.8929972869,31.7963295857,26.7256249856,43.5362689764,241.0088583701,88.1057847229,36.0587513006,1656.0685374977,127.7053038615,784.5200863777,410.4975847439,21.1249767086,0.0373292156,16.2808913619,246.8277680102,69.6792171709,201.4139413839,0.0373292156,165.3885383583
cite,CDRS/related/jpdc98-gamma.dat,346.8565319153,2.5982757100,120.8837608645,69.6541719385,143.3843427867,78.0616405533,125.9478972591,922.2138807082,143.0241316426,55.1201359435,529.9480325608,25.0177002832,64.9822827769,62.1059359738,2913.3020572716,516.9325010692,12.6060965450,0.0373292156,2.0325500777,0.0373292156
cite,CDRS/related/lock-inference-for-atomicity-gamma.dat,0.0373292156,4.4253349365,127.9503797075,14.6633651071,41.7285587932,83.9403061167,60.3010939725,22.8458423276,128.9439098994,172.0207288375,282.1638187371,0.0373292156,87.8623753877,306.4070485893,1675.1795175285,419.2959510482,163.1536511794,161.7153852807,0.0373292156,0.0373292156
cite,CDRS/related/oopsla11-atomicity-gamma.dat,0.0373292156,78.0017660868,269.3946191048,2.6889307716,33.0353590319,641.3983423394,119.9398161438,35.0596626922,240.0936282216,153.8779250954,143.0976524543,203.5157249411,114.3248186992,0.0373292156,2726.4197100656,34.8625554569,77.5882982090,894.3849892960,0.0373292156,15.9507980548
cite,CDRS/related/p125-vechev-gamma.dat,0.0373292156,729.5403510524,172.1049474353,0.0373292156,40.7062546217,2038.1799752129,85.8606281577,39.0418715666,102.9240248511,0.0373292156,0.0373292156,49.6594892861,316.5044668321,0.0373292156,2550.5617151989,413.5695817674,11.2807935239,12.5511802961,0.0373292156,0.0373292156
cite,CDRS/related/p197-schonberg-gamma.dat,0.0373292156,269.9852850213,49.3653989613,9.2334944568,85.8500801965,43.6720355517,36.1485199039,23.9607371641,797.4793347687,55.7555468376,347.8295399736,35.8638257715,874.6901336805,105.1472413948,28.9263182599,1450.6146682227,10.8668152991,67.2456212004,0.0373292156,0.0373292156
cite,CDRS/related/p27-dewar-gamma.dat,16.5623308107,202.3675284419,154.5236822264,0.0373292156,50.3506799997,30.0830079782,62.0950797154,221.3034305667,1824.3761333775,181.5748908787,801.5970347451,49.9002060646,1129.1628445228,279.1362898686,53.2191523643,1025.7720377871,31.7299862864,49.4784830061,24.5094927955,105.9669636598
cite,CDRS/related/p291-emmi-gamma.dat,0.0373292156,0.0373292156,60.6081308930,0.0373292156,240.7952771004,475.0532464888,120.6836495796,43.0647013395,0.0373292156,32.3171062224,65.8292211082,0.0373292156,55.5723579977,384.9704981369,1737.8577707562,197.4631414060,3.8443473332,65.4258314404,0.0373292156,0.0373292156
cite,CDRS/related/pldi11b-gamma.dat,338.0209604681,3483.8212672800,33.3513063335,0.0373292156,34.6516002162,230.0817893075,95.1607233019,167.8611933186,370.5759216864,164.0341963014,286.2911966113,275.2424447657,49.1649873578,0.0373292156,156.1719741368,673.4635792217,187.3923839413,28.3117432006,0.0373292156,0.0373292156
cite,CDRS/related/podc011-bronson-gamma.dat,373.7215593919,491.7992956071,224.1190140284,0.0373292156,107.5264194789,197.2909825675,216.2429856895,0.0373292156,95.5501979794,84.2719218801,0.0373292156,50.9711407975,175.2733840118,0.0373292156,3001.0334555791,177.6546184611,94.8856537809,11.1819797645,0.0373292156,0.0373292156
cite,CDRS/related/tr-2007-111-gamma.dat,56.9522733693,0.0373292156,100.8825061430,0.0373292156,37.9259262905,605.9607599514,356.4804250170,45.3769424647,57.9878398013,43.8080108304,44.1512349227,0.0373292156,188.3949292326,1388.1663407115,3454.6773893589,212.0756137719,0.0373292156,115.6824171526,0.0373292156,0.0373292156
cite,CDRS/related/tr-95-26-2-gamma.dat,349.1876884776,187.0239843806,71.7860179011,107.1821387318,23.5135651133,14.2615068152,166.0308138754,9.3745474606,1259.9190476914,71.8568259430,364.0829181130,409.0450088069,32.4379404656,17.6435098418,163.5745350791,134.8666549805,43.1738635874,320.0497225501,4.7217069185,121.0145875782
cite,CDRS/related/transact06-gamma.dat,0.0373292156,4.6931576469,35.6024601737,0.0373292156,43.3760110910,161.3569505453,165.3311854345,41.8386924722,51.5809886015,362.3288897268,0.0373292156,0.0373292156,84.0517730716,330.8918702708,1344.3693829524,280.9571681794,98.2535902403,72.8904886113,0.0373292156,0.0373292156
