Paper,Type,Name,0,1,2,3,4,5,6,7,8,9,10,11,12,13,14,15,16,17,18,19
1,paper,cdrs.dat,140.1084830668,107.0784977964,220.2910572338,289.3079792488,145.4733291431,203.8921949985,211.2788713796,107.4885176891,424.8004805079,63.4755137493,42.5999676937,117.1041227706,533.3208699656,1986.3337539064,86.8075188476,266.8121011410,309.8704521299,291.3722893861,73.0375575688,97.1774961186
1,cite,00210604-gamma.dat,130.3769556547,0.0315527171,237.9751941775,152.7194164127,26.4578696999,222.4281513704,56.9042865629,13.1617565274,137.9405532213,108.2663717731,8.5818211789,49.2557016768,324.8811826136,227.3573388351,25.8640833036,162.4013663378,109.5721825264,161.3889874135,73.2547035349,13.8115788041
1,cite,06-popl-autolocker-gamma.dat,171.8993529845,67.4337548594,129.4853498214,176.1989617516,150.0593261536,45.3466314277,241.7023226361,23.0358653337,380.6853174321,398.6500767678,95.0140329403,311.7497698769,428.9423296953,2890.7788203845,79.7926914687,141.9618852890,191.1408917723,461.1216334418,71.0796773868,104.5523629183
1,cite,Linearizability-ACorrectnessConditionForConcurrentObjects-gamma.dat,93.3267005026,103.8300595973,553.4414309651,153.8305210744,442.4266278043,156.2250087635,193.1015856900,20.4886265830,422.0126525569,245.9694698004,559.7240834408,67.2808291523,383.5300353866,1506.6773310853,109.6279409202,492.1202224583,57.4325348619,47.8165575672,20.3787084430,239.3901276887
1,cite,OPODIS2006-BA-gamma.dat,39.9627423872,164.6012891439,354.4016576249,158.5960444866,9.7061016299,151.2126610312,191.7671628222,19.1618279826,114.1345040208,45.1069061632,18.2841069365,23.9432243372,147.9986568014,754.5549376453,15.3664310847,308.6663440138,105.3746872096,18.7170216916,74.8851632516,81.1895840775
1,cite,ScalaOverview-gamma.dat,137.1394073055,39.8055116041,586.0545839033,35.1796965836,96.8366983677,272.6577826007,100.8388771265,718.8649280149,179.6392144731,1770.6848879688,25.9949069710,115.5285744358,2234.9070149210,691.3057859279,317.3692239471,351.9813328647,47.5366819012,124.9775681669,27.5343116403,208.7940656175
1,cite,ShavitTouitou-gamma.dat,223.1580288386,176.5233100089,109.0031301487,150.2699375534,65.1793821695,77.1849952106,390.6220261687,18.0945931874,258.8000716853,28.5395132288,29.9170675331,222.9315137304,271.1229400261,1877.5215102044,194.2688024128,306.3493832993,144.3962715992,12.1832851732,76.7300762704,399.8352158930
1,cite,chp%3A10.1007%2F978-3-540-89740-8_10-gamma.dat,53.0684510621,10.8521046308,106.3537101084,530.3685675118,28.1670714010,56.3996915340,41.9859205561,4.8569660997,274.6747776080,35.2002753007,0.0315527171,71.5687100620,419.3763734968,1079.3137961752,8.8099945665,59.6210803378,107.6573481849,18.7552383815,63.4327362109,50.1366883965
1,cite,consistencycacm-gamma.dat,33.5738853182,99.1661244715,67.9017224978,142.9974976489,95.9308120781,12.3278639468,89.3778267021,20.1409086597,103.2944401753,129.7796100228,0.0315527171,154.3708563795,180.4034161605,1221.9838942248,68.2073127481,526.5540508557,29.0102387678,50.5198998960,81.1740703796,118.8850706913
1,cite,distil-gamma.dat,321.0602656228,165.0828890944,373.0409951690,11.1034972898,20.6325787174,51.3566778022,40.3506602160,286.5649877394,40.3143540476,192.3469295896,118.8931202519,123.0572642977,533.4315191617,507.4328595436,128.0448344929,101.9115966544,125.1794558445,756.1602248422,182.4302202952,244.2361236694
1,cite,esop12lockplacements-gamma.dat,55.0611210057,20.9065494379,53.7054311151,311.2907282130,78.2810887153,113.6783909595,572.5636780751,17.8654141296,426.7424101488,105.0682935675,22.8255445263,86.6956155365,252.4271783871,1897.3402927636,32.2898467205,516.4808839878,152.1042369420,47.4896092120,17.2452030426,149.5695378561
1,cite,halpert-07-component-gamma.dat,126.3529287018,29.7422077424,13.0601700681,506.2330976278,38.9329317096,133.4531784439,300.9219893661,204.9328576835,655.9187245458,81.0671758172,7.1760564342,159.5263514242,280.8976989521,1634.0752479266,68.9745304170,17.9604239003,63.3667561865,21.4120688914,13.6340211697,142.9926373335
1,cite,ieee-tse-00-gamma.dat,241.3777575474,193.8863558897,343.2296944604,105.1017968505,12.9170699925,235.1783993579,30.7900266184,468.1117392960,218.7654653699,190.7051434857,235.9831358993,162.5421770144,684.0148805609,482.1834273649,164.1751896029,162.8828038780,108.8553661865,139.9464388225,95.2441325468,254.7400535970
1,cite,jpdc98-gamma.dat,448.2190268207,38.6211909289,147.0168291905,224.1979017404,29.1519521820,39.9000781939,510.9222829673,9.8445389490,467.5948896036,39.0550580678,110.6767118488,154.0485303242,307.2040455049,1806.7548974702,77.2154452741,7.8284919241,817.0157353749,0.0315527171,167.7841358099,99.5477594495
1,cite,lock-inference-for-atomicity-gamma.dat,145.6276208780,6.7010294076,86.2632115051,119.0507168677,17.8658078092,151.2236066999,153.0664128409,63.0942781839,419.9474252382,133.6065975908,22.5238709433,72.7982316732,218.9829978311,1115.5574292509,84.9187706352,122.4327081974,64.6270620814,46.8212534945,25.0346518385,125.4873713748
1,cite,oopsla11-atomicity-gamma.dat,54.2759718968,6.6471306212,600.2964806410,40.7687935255,38.4624855198,36.8204467033,197.3088983301,153.5587837198,29.0412659483,33.4304005636,247.9703612599,722.8066878211,259.2352636899,1895.5501253780,90.5455705246,236.9742085881,85.7895985779,10.2538299623,11.8405392884,235.0542117824
1,cite,p125-vechev-gamma.dat,48.8424551055,50.1224862339,558.1439518157,145.2430663960,38.8696031118,289.8193216745,166.0185026621,119.7549562984,586.3633265531,43.3401766716,392.9234523531,372.3021932289,243.7556785645,1741.0474112397,37.4711247954,359.7900810022,46.2707287485,10.4466934556,141.5632120627,211.5426323685
1,cite,p197-schonberg-gamma.dat,145.6318545422,13.5707119556,252.5079448943,444.2710475896,3.2421806983,190.0062022838,76.5444377362,8.5771422061,659.6018146487,220.2546075703,50.3573473012,58.3688446328,460.6079702608,361.8841520701,27.6043680660,281.8364942968,25.2187313392,0.0315527171,65.7837341390,27.7299153934
1,cite,p27-dewar-gamma.dat,204.6951648195,26.3672844541,476.8690408073,286.2320403682,27.6928605721,355.4708737956,134.7838508329,16.2087737318,967.3129979772,425.4027504958,12.9578233579,196.3747737966,768.4966531350,730.6926949656,60.2609299626,365.7347473327,15.0139540811,125.4386408240,78.0800767016,64.5451223302
1,cite,p291-emmi-gamma.dat,40.0050619828,22.9137664979,17.9802016969,316.3321202268,9.8519301009,213.1977864524,80.7276719552,0.0315527171,264.9110627552,152.1356335895,9.9505107781,63.8353546741,179.8923472244,1268.9379082839,6.4776018341,77.3313396165,37.3773364722,89.7930146922,77.8728302092,79.0760225825
1,cite,pldi11b-gamma.dat,230.7502471080,126.2144587039,548.1990767358,180.4012368640,100.5150804919,265.7673571957,199.3326532184,71.7753004107,806.4344204679,112.2784272080,147.8236833769,162.1306397160,449.1227835856,658.3858849934,94.3542611330,553.2138458769,395.8500388859,243.7956437201,109.4814584162,81.8045562334
1,cite,podc011-bronson-gamma.dat,161.0040730005,35.7234326152,480.0864038685,305.0257681142,81.2745560976,172.9795744149,391.0190917555,34.9901959553,47.0956254944,21.7890270002,71.6384179539,44.9678233769,243.2945201317,1721.6930018687,69.7264037854,249.1126101181,197.0812824682,49.2380070654,35.3262464692,140.5649927879
1,cite,tr-2007-111-gamma.dat,90.9038810583,23.1470379201,240.3815381075,81.1154235160,61.5464927609,365.9961330040,89.9321554696,24.8905220949,1057.7763727938,127.8692585328,57.4235473742,101.4104373032,295.3693407369,2428.5100669824,17.5962206664,319.5712331272,98.6884691308,29.4321488564,55.7244716774,291.3463032289
1,cite,tr-95-26-2-gamma.dat,193.0817066965,155.3642355230,212.0645126892,81.2343551505,17.9529312455,237.4871024638,101.9854978736,276.6642455973,14.8046359861,226.0560769339,35.6384688139,21.2001082443,324.4909589212,490.8270769472,141.7142062514,125.4473530844,115.3767698226,164.3714433732,150.0124893806,200.8568793436
1,cite,transact06-gamma.dat,25.3433789168,3.3458680235,55.7664626104,63.3933330334,141.9658116206,45.2902301143,35.0636129443,11.6701378517,368.0258205994,329.3469387300,0.0315527171,91.4576647496,179.5674759924,1046.7391439224,15.5791184728,49.4466848717,25.1423118323,38.2736392030,82.0761421200,31.1057260163
2,paper,pcc_popl97-gamma.dat,5.7817012363,2.2324531270,0.0315527171,0.0315527171,0.0315527171,0.0315527171,0.0315527171,8.6984341878,0.0315527171,0.0315527171,12.4136223173,0.0315527171,0.0315527171,0.0315527171,0.0315527171,0.0315527171,0.0315527171,0.0315527171,0.0315527171,0.0315527171
2,cite,00006898-gamma.dat,291.2202055814,23.3388063420,27.3795385480,565.0985472871,127.5657476831,393.8245887108,78.7347960540,108.2932252103,392.8157287178,252.9366968552,386.8788819427,105.9739976490,446.7843734460,630.9826705611,50.2967317021,381.8356834307,84.9728934530,180.5503539127,13.7499223955,145.3976648593
2,cite,Elf-Pfenning-gamma.dat,71.5834146034,64.8225044478,123.2142496534,10.2064633636,102.6681388653,59.0327035438,7.4690970647,9.6218072899,29.6565864328,939.5792508442,52.5477593874,38.4145835173,234.4420805550,375.9890125354,31.0687786470,529.0436583212,8.3896420432,77.8600690959,44.1864222904,123.8348318400
2,cite,FloydMeaning-gamma.dat,0.0315527171,0.0315527171,0.0315527171,0.0315527171,0.0315527171,0.0315527171,0.0315527171,0.0315527171,0.0315527171,0.0315527171,0.0315527171,0.0315527171,0.0315527171,0.0315527171,0.0315527171,0.0315527171,0.0315527171,0.0315527171,0.0315527171,0.0315527171
2,cite,LF-JACM1993-gamma.dat,108.9457276917,33.7481737051,292.6270115829,49.0245047618,485.8279276834,64.1429423518,20.0958011570,13.6800078752,201.1722731023,2510.0127686160,93.6742011601,55.1387827109,612.0215272339,701.0425389100,80.0070544576,1892.8251696447,165.1735572906,80.5594129214,63.7878351574,183.1238363278
2,cite,SPIN-gamma.dat,310.0080009243,1077.8187451243,59.5274563724,275.0426956672,284.5489620741,66.9911187527,531.4626487479,444.8438638110,99.7220850156,105.9275961465,344.4115581321,146.6463213150,366.4514493173,1039.1717355471,723.6142006116,154.6497051726,389.9369730076,336.2456268104,85.6299804528,114.9803313393
2,cite,TIL-pldi96-gamma.dat,16.1135053444,0.0315527171,0.0315527171,13.5257715506,0.0315527171,1.7951873318,5.4765288006,1.7268728577,0.0315527171,21.5404061492,0.0315527171,0.0315527171,0.0315527171,0.0315527171,3.0748672683,0.0315527171,0.0315527171,0.0315527171,4.9992824341,0.0315527171
2,cite,boyer-yu-proofs-of-microprocessor-gamma.dat,598.7501747235,128.4492454267,70.2772864232,329.1213788408,236.1460371607,115.4377312921,125.5493504739,52.3300881398,210.4621591415,155.9567818228,642.5163588632,158.9180172437,456.2305191640,645.1665706140,74.1420695530,645.7752529379,171.0690993461,121.3458158112,34.5001393085,206.4869780553
2,cite,mccanne-packet-filter-gamma.dat,0.0315527171,0.0315527171,0.0315527171,0.0315527171,0.0315527171,0.0315527171,0.0315527171,0.0315527171,0.0315527171,0.0315527171,0.0315527171,0.0315527171,0.0315527171,0.0315527171,0.0315527171,0.0315527171,0.0315527171,0.0315527171,0.0315527171,0.0315527171
2,cite,necula-osdi-pcc-gamma.dat,14.7381858250,2.2557279901,0.0315527171,1.2303485049,0.0315527171,0.0315527171,1.3768629470,0.0315527171,0.0315527171,4.3864718168,17.0531063217,3.8240481061,6.2555964074,3.2713036746,12.0633891919,0.0315527171,2.8951091787,0.0315527171,7.1093626059,10.9506727520
2,cite,packet-filter-mogul-gamma.dat,400.6485588422,479.0434977376,0.0315527171,159.1207433006,135.2409614189,43.3921127238,255.5456967350,59.7336059717,72.3834055683,15.5322869377,270.2081308755,403.2269776688,257.1978806335,509.5315859592,899.5926548105,17.9651369971,537.1705856195,38.6229543006,65.2096576514,127.2330678730
2,cite,sml90-defn-gamma.dat,398.8430744949,50.0127889867,1215.5716735424,49.4706797520,705.7564527999,446.6089640897,159.4880744408,489.2200356792,197.4605800266,3611.6251761288,57.8361609344,355.7537394026,1536.4597544216,1299.1814388341,229.6355712317,596.8722232359,271.7156278461,965.4760024504,39.2030369183,665.4399991260
2,cite,software-fault-isolation-gamma.dat,478.5368684139,379.3959056862,8.4310208243,844.8362547119,75.1598194151,54.0398521388,442.6480447487,340.4093922466,89.8302075430,35.2681229824,110.9376149631,173.4227522534,242.9457299368,828.2809515175,126.3338202049,10.6469823502,154.2484622177,122.3150081904,197.4937651336,240.4504788631
2,cite,uniform-proofs-gamma.dat,192.3530675744,11.4058707639,317.7838377055,32.4002150324,192.9578668709,30.8057310009,50.9708610450,6.8363434395,179.9260916086,820.9104529239,64.3700003429,34.9794020404,564.7678060423,722.3824759542,82.3775700601,2434.5633627087,54.4993622887,257.8711033918,39.0192232451,139.4504103028
2,cite,web-navigator-rouaix-gamma.dat,224.0331108030,39.2445533863,8.9596776236,5.7458160123,40.9167969687,19.0412074352,21.3109701790,314.0183093202,32.2312104996,209.4217825614,64.3649500666,27.6305172802,114.7678583544,200.5134384589,433.9577082536,27.4727099897,32.6083641785,110.0395606117,23.3970168361,62.9554955228
3,paper,final-gamma.dat,77.7755180759,33.0859602961,168.0227878719,82.3287477410,195.2611723806,247.0754578303,39.3252535404,357.1926522982,64.0841466998,1912.5978527094,171.6157583238,56.9613282222,430.6803807887,565.1147243790,55.9221878683,507.2818327841,46.6115700969,46.3200448803,7.7552096832,145.6184678716
3,cite,1410.2813v1-gamma.dat,81.9220677283,69.9938757704,359.5480891013,224.9477677763,648.8237857006,369.1697656136,151.1765196952,508.2141112324,472.3220594808,4303.8683149514,189.0206616264,306.2187969271,1100.8037188880,1249.3518043764,62.3305749611,1341.9758358971,71.2980392645,103.5328691114,13.4398422117,444.6725540278
3,cite,KoukoutosKuncak14CheckingDataStructurePropertiesOrdersMagnitudeFaster-gamma.dat,44.4325117874,16.6035579919,171.5232466516,54.7014650781,32.4496707575,63.9570218895,57.4650926674,65.5530989744,85.5853770816,28.2058866489,76.3043615473,72.2862019493,61.3261367583,151.3365147941,4.9223247097,83.2259162292,23.1835837266,2.2645859177,7.7339225250,7.5705766563
3,cite,biermangordon-gamma.dat,84.3930540534,14.5705860916,157.3362708804,62.8999984031,218.4381971794,269.1858159185,85.0749573744,15.6463346772,147.7090917876,2002.2838428277,208.2123277284,167.4326501521,311.8318446129,586.5250478675,54.1786367482,806.4973739534,10.7142799411,199.1817055747,68.7013041802,114.8177343898
3,cite,cmm-gamma.dat,89.9889582336,40.1967355336,95.9536546667,4.6582572282,362.4772798667,143.5275339515,13.6358499402,443.2730105260,38.8872049199,2082.3943995880,109.9463949099,81.4366190753,255.0546068765,521.1783274948,51.1486421286,228.4336915244,59.6643489117,28.4003787259,6.7089381957,117.6662220446
3,cite,dls06-tf-gamma.dat,180.9943687131,11.5271012355,48.0641209298,86.2406430493,175.0403466277,30.0235751060,12.2458107270,831.1206559461,93.0110528783,1479.0781210614,24.9589175091,136.8460991152,243.5050090188,404.7043625106,96.6844383456,131.5869435651,72.2323106649,241.2937675898,37.0974543053,233.3759554433
3,cite,esop2011_camera_ready-gamma.dat,17.8220875930,26.7997519801,59.7642415817,15.3706351216,174.9496044285,53.3612563127,6.4246735325,226.9524859964,39.7023359489,1964.4899946562,0.0315527171,32.3164167507,228.0458632772,395.2965723007,36.9988398582,314.9307813266,61.6903440273,83.8699170308,1.8295765267,107.9841233747
3,cite,fb-tr2006-01-gamma.dat,61.6229082162,3.8823741669,235.1823503134,14.7180041979,409.7924084013,117.2281259470,54.9752482893,702.1844519306,227.9659581770,397.7544321337,363.4156596303,79.6183109617,207.4126943107,354.3843614086,100.0609468412,624.0417948071,37.0545716509,72.0487050683,7.9418135779,101.3459343119
3,cite,ff-gamma.dat,109.0577032454,56.1872677366,439.5928725304,190.3835361354,159.8610100275,76.5798481114,18.8713935219,933.2743338499,204.1437756897,567.9777967429,15.6981396397,114.0072292038,326.2249162531,451.9272581052,54.3647412020,433.4142983461,94.8378821360,95.8374823606,0.0315527171,152.3580167873
3,cite,fgr-gamma.dat,320.7640037072,6.2752874978,590.7130729988,66.8077305275,114.1501199861,172.5149389889,162.9494937287,691.1718141722,133.8456998430,111.5890843479,115.3081163614,149.5288567869,300.5162535372,574.6252866306,67.4471808131,349.3361251690,84.5955525581,33.5122251142,9.0456665473,45.9345450259
3,cite,galactic-gamma.dat,189.3968505904,60.9368428486,33.7520576023,203.8687220417,99.0066557106,519.9943741913,32.8393760823,37.4186621341,135.7393217677,44.5332301442,101.4846794495,68.3186392987,349.0525122377,245.9646693849,134.2728711509,93.3930483062,146.5997122783,30.3770471196,140.5285432712,482.1532387315
3,cite,gronski-gamma.dat,64.3771884501,2.3657530301,7.5659555689,0.0315527171,63.2666284479,73.0227071693,20.3591328633,364.7331401498,64.4232082789,735.8353954748,39.6638603597,53.2796054107,176.6659360624,223.2708094660,9.3013077715,244.0993358273,2.9172279375,7.9842501852,12.8092641656,29.6587950058
3,cite,gthreesomes-gamma.dat,63.2388050511,4.7762888448,275.1509312489,13.9670346557,498.2587917002,68.0698977926,0.0315527171,55.2424000685,123.3722958533,2069.8143390877,103.0532608423,141.7050154540,209.9868605868,356.2279375110,83.0037296578,66.3864570898,88.6140198989,80.4737879544,8.3661580032,89.8914903237
3,cite,henglein-gamma.dat,125.1689667306,55.5720276352,416.8980388687,12.2864861088,212.6411868936,46.4027011864,2.7033991622,94.3923406250,306.2945382887,2631.6548094322,0.0315527171,59.8454279588,445.3970527172,500.4831544477,19.9576083792,521.3673865796,20.4786257830,40.9811792332,10.0562753412,50.0182962531
3,cite,hermanhosc-gamma.dat,143.4092035061,190.2964331412,90.5317561837,124.3533248849,189.3824727984,185.7680339906,34.0242582509,121.2188030909,136.5768816222,2144.2452345879,8.7075740783,162.1058028937,219.0742989922,462.1726709401,86.9803189855,173.6123609864,74.4008794436,36.5408170086,31.6401763531,158.5897526033
3,cite,hermantfp-gamma.dat,79.9849348358,83.3964073914,74.3568473112,105.6090335881,121.6884889274,153.5950157734,41.4581626161,63.6737739549,49.7924666003,1246.9779773334,9.0113273195,147.7716694693,114.1521188453,301.2087094227,63.4364034342,110.9798135989,9.9206014975,48.9070494906,20.6745300818,80.0357228502
3,cite,hybrid-gamma.dat,235.3627355894,8.7370754884,33.3911962556,11.0179454715,88.3862750129,285.0420827504,38.6272174676,79.9890416653,25.4131142881,1870.1148703495,395.3428104494,265.9773723545,223.1082810689,482.3385033776,35.5428764651,643.1361883536,18.9200471601,41.4771816204,13.8448136455,170.8614255080
3,cite,kf-gamma.dat,161.9171981427,2.3985423454,44.2242963854,17.8859290627,239.2737796662,280.9724476499,46.1563287836,113.0787172466,118.5324314245,2523.5420708515,368.1640848011,282.9077174559,329.2785577963,566.7759553828,65.4491060018,629.1908969871,78.9791334784,57.8805294991,13.6164476115,181.4068837692
3,cite,knowlessage-gamma.dat,183.9672287816,33.6620034365,176.0921172990,39.5240613996,113.1213909063,220.0421122663,99.1592977056,142.3979381630,119.4144764479,2792.5732453184,269.7587403636,321.2442196194,409.8897379399,749.7909550927,38.6639707457,927.0388642656,71.3192195521,174.2050979847,43.4073960053,82.3589810486
3,cite,milner-polymorphism-gamma.dat,123.7414723310,21.3404908217,102.0768517578,33.4826147821,256.2119481324,278.0142709328,1.9578239619,8.7062637773,126.9274715035,1829.6287605374,12.8226724720,81.3349142471,503.0095520670,535.8487285584,48.4997681702,409.6995139327,73.3933215967,52.1264431253,44.3160690891,76.4921025455
3,cite,oopsla13-dff-gamma.dat,112.2747416375,107.5274877265,124.7983018654,105.8685932240,248.5160147013,150.0946430738,163.0292391891,2118.4439495976,103.4857918057,483.7776607382,154.3905847753,477.5281307564,296.4824715330,835.4143900070,228.1062734996,298.2659162471,57.9992864796,257.8798975149,2.6356260975,122.1120538722
3,cite,rastogi-gamma.dat,183.7483831558,76.8416708198,48.9137134515,11.2085739071,32.1767220291,374.0143281212,198.5195519921,226.4755450176,713.4594208972,2732.8784651898,21.1335989927,116.6545596279,411.7901476333,997.0669354258,162.0959081680,114.9203043245,20.7184292055,153.9992066469,2.5202202474,47.4953694887
3,cite,rc-gamma.dat,0.0315527171,0.0315527171,43.0664652889,0.0315527171,0.0315527171,0.0315527171,0.0315527171,105.9506855504,0.0315527171,14.5015580008,0.0315527171,2.6342793039,56.2537155862,25.3783551760,1.6816200065,17.8063136910,9.4807625551,11.5617720122,0.0315527171,0.0315527171
3,cite,sg-gamma.dat,120.1343450387,4.4392008403,297.0000896499,30.0919060265,423.0120464717,112.7458885663,2.7804702452,37.2267467992,173.9620685588,1840.4628862255,2.4856287536,105.5717311572,187.5807667193,474.7383360680,91.3657394258,93.5496495822,63.2415537388,32.1580187334,0.0315527171,149.0524290243
3,cite,sgt-gamma.dat,39.5525706976,14.9851371747,6.2950277106,68.0301103639,219.3127550472,36.9277546468,20.0728871830,62.4460310666,177.2086973839,1478.3794468278,0.0315527171,175.1135267032,81.7569503728,313.2658456167,13.3009955795,45.5998683070,16.5950489284,3.6708478921,7.1390306238,72.9469694992
3,cite,siekwadler-gamma.dat,99.5919391089,4.4142005601,54.6092583606,37.1879992460,216.0809427965,186.3691455060,10.8800950752,75.0094743618,120.9949683671,2094.8834982794,30.8303408851,93.4689262609,192.3572559928,412.0444362959,37.4088913845,416.5293087698,170.4840378504,46.8771508427,0.0315527171,159.5776316808
3,cite,wf-gamma.dat,98.4069479875,17.2352785457,19.6860225602,11.6931315994,70.4293516962,85.2253253583,0.0315527171,117.4728288449,89.0824733016,2255.9345485328,21.3633578249,80.1556485210,279.0517281070,360.5585459248,30.7099532245,321.0335346333,15.1035125660,15.7401861301,14.3891671542,129.3279591123
3,cite,wright-syntactic-gamma.dat,84.1785620447,35.9517389914,32.2072452733,109.0825333573,92.3036365064,8.4845652542,66.9849723520,29.2095945141,194.5231572463,204.1460159054,54.8657057311,16.6773456759,56.9794618614,8.1734434036,344.5370325396,223.1369919754,132.6541153886,111.3891123067,127.8639563929,84.2818676215
4,paper,tal,11.5786042651,11.5541758801,8.6428310124,25.7547698346,19.5858433705,22.4061670334,19.5065370022,14.9355259331,93.5534688230,49.3777254126,6.0914593156,1.4928994870,5.7464628056,21.1950945315,26.3520280933,30.7585494255,49.8296693939,12.9989788084,28.9711315825,19.2991323316
4,cite,tal/related/Comprehending_monads-gamma.dat,2.5652308685,0.0315527171,7.1090696505,0.0315527171,15.9331495117,0.0315527171,0.0315527171,4.5123684666,1.4238730484,10.1933184121,0.0315527171,6.1685217173,40.1250317386,12.6415250940,24.4043094224,0.0315527171,6.2012798705,4.4931455004,7.6083941558,13.0625205824
4,cite,tal/related/Crary-subtyping-gamma.dat,76.7579146539,45.0938338759,72.1348407172,24.0523671442,153.0992279821,15.1736581204,0.0315527171,11.4440518884,184.9813852154,1293.2157619797,22.3693373201,31.3497098756,226.8165019937,268.5754685565,40.6367823857,178.2867044263,104.2114544473,13.4047739813,5.1925439633,160.8031830976
4,cite,tal/related/Landin-1964-gamma.dat,0.0315527171,0.0315527171,0.0315527171,0.0315527171,0.0315527171,0.0315527171,0.0315527171,0.0315527171,0.0315527171,0.0315527171,0.0315527171,0.0315527171,0.0315527171,0.0315527171,0.0315527171,0.0315527171,0.0315527171,0.0315527171,0.0315527171,0.0315527171
4,cite,tal/related/Orbit-compiler-gamma.dat,612.4256377762,85.6581704175,92.7405945905,512.4807374981,239.9184161294,96.0223386666,95.7470167253,122.3341644605,324.1337206334,382.8176348348,6.2756132381,68.1235380571,393.3475702207,432.4134788777,64.7021218792,185.0121230464,56.6687175178,90.4552310646,24.2060922643,67.1481364437
4,cite,tal/related/SMLNJ-gamma.dat,562.6823622363,90.4197595045,407.6741069107,229.4348626082,293.0545399004,65.5309058632,209.0384889075,86.6970710911,88.2434117972,1109.1071177714,18.9713615112,60.8771047597,370.8964003804,568.7145916071,132.9715235456,61.6050896805,58.1805425160,189.8037500121,34.3877380568,188.3403256820
4,cite,tal/related/TowardsaTheoryofTypeStructure-gamma.dat,2.4888733360,0.0315527171,0.0315527171,0.0315527171,0.0315527171,0.0315527171,4.6442146610,0.0315527171,0.0315527171,8.9419981052,0.0315527171,0.0315527171,12.6103527894,4.1454086521,0.0315527171,0.0315527171,0.0315527171,1.1729057345,10.4537667478,20.7949017108
4,cite,tal/related/aditya-gc-gamma.dat,330.5805398235,28.5917843672,203.8937240410,93.2793779258,53.1894178814,177.3086609390,1335.5771993221,48.0946699933,149.4503481606,904.1490911812,31.4849643482,87.1008745606,247.6184292130,535.2046758519,42.4194384837,127.3939776732,332.2307992175,25.4817585926,63.6932583362,92.8880644296
4,cite,tal/related/appel-cps-closure-gamma.dat,400.1406025762,67.1099112242,204.3837913647,254.6948780577,81.4646945451,81.4223071277,113.7698016157,2.2173592826,214.9141941314,416.8454539483,0.0315527171,63.2368942580,172.4500857830,234.7375892024,15.4619616365,73.0217017463,18.9640367386,45.8390513297,13.6879932123,57.2371938444
4,cite,tal/related/bershad-spin-gamma.dat,310.0080009243,1077.8187451243,59.5274563724,275.0426956672,284.5489620741,66.9911187527,531.4626487479,444.8438638110,99.7220850156,105.9275961465,344.4115581321,146.6463213150,366.4514493173,1039.1717355471,723.6142006116,154.6497051726,389.9369730076,336.2456268104,85.6299804528,114.9803313393
4,cite,tal/related/boehm_uncooperative-gamma.dat,207.1500854809,156.9282396103,117.3351205808,193.3066645544,30.2516934997,49.7915382413,1078.2836869299,4.1439396612,40.8673067084,64.7117382583,2.4449952752,140.4685514866,256.5124097163,610.9594910311,76.3094301013,61.7224746781,142.5590947713,108.6692055130,22.1862360086,110.0291522351
4,cite,tal/related/cps-danvy-filinski-gamma.dat,145.4451565640,41.6414808528,443.9921304682,55.5367993958,1016.0571181117,120.3658948796,28.0667027411,8.6667043244,621.0520388193,1010.5060415995,92.6699957655,119.2861280226,285.2618271979,621.6891165377,75.8839876535,204.1843279859,94.1967046154,80.0972088443,56.7012399792,114.3304499832
4,cite,tal/related/cps-plotkin-gamma.dat,104.3616558855,13.3219470008,50.7262530829,81.4926343758,201.3138058268,182.6518545694,25.1381673422,20.7235899927,105.5819494461,421.6821797156,39.6585338833,60.8719835036,191.5385286799,153.7883660216,46.3151851576,687.1768572579,30.2425086474,41.8920164452,57.1050736729,35.0479638344
4,cite,tal/related/flexible-representation-analysis-gamma.dat,382.5325413223,23.8058746004,929.6881296565,58.2755152943,111.3388852728,129.7184778398,298.8936217599,37.1380803879,139.3041653135,1554.0048277934,59.2257909622,83.8379595544,401.9778186587,442.9874275554,87.7550515848,118.5200594124,119.4671967389,30.7315018329,13.1232461195,141.3048826818
4,cite,tal/related/glasgow-haskell-compiler-gamma.dat,355.6924918955,43.2461396381,355.0660842457,96.7651246934,35.6134698499,30.4815715977,168.7657295358,30.7247902605,119.9152724069,349.3025248827,20.4828036715,113.2129314803,247.6736216347,245.6911091688,105.8700931158,82.6785899455,185.2252760682,124.5416034431,38.7056099758,115.9762168316
4,cite,tal/related/harper-lillibridge-cps-gamma.dat,169.6443184651,38.1631456616,231.0532012536,15.6025894665,899.1037327475,34.2771586137,9.2785700586,10.5584331369,220.7475180943,1096.1303381410,11.6515623878,50.3113348836,243.4884599495,349.6994845710,81.3946631580,233.7931035490,49.0759013089,50.3383879279,38.3798539049,116.9392970624
4,cite,tal/related/inheritence-as-coercion-gamma.dat,168.4517925353,107.1851101183,311.5043414593,13.1647994183,318.9232395117,76.1855263839,45.2952029655,49.4960660068,175.3378828719,2535.9084728181,55.0407144012,47.5186578482,942.1846973754,772.8013972860,104.6592215696,1217.2942811106,47.9712620180,67.9201337254,104.2225580273,159.5656968910
4,cite,tal/related/lambda-calculus-schemata-gamma.dat,39.6817138660,91.2861748254,238.3003345403,32.1221471004,325.7093062420,166.7923243826,53.8568219763,2.8902776459,742.7573226952,659.8196326798,35.9380950039,68.1854211388,436.7093852561,400.0871052513,82.6473351815,517.2550618360,53.9779805191,118.5426456191,62.2557847887,71.8161837932
4,cite,tal/related/linear-types-wadler-gamma.dat,84.9138538330,5.8797415579,207.3034602943,13.9973067031,146.1988350700,437.7428596500,85.0180955378,45.5999165028,228.2087259909,897.5345781347,38.3703630991,13.8208275228,281.4719479217,416.0579091840,171.4546476756,209.1049645883,87.2480223979,14.1598855251,6.0661423383,22.4789708144
4,cite,tal/related/necula-osdi-pcc-gamma.dat,14.7381858250,2.2557279901,0.0315527171,1.2303485049,0.0315527171,0.0315527171,1.3768629470,0.0315527171,0.0315527171,4.3864718168,17.0531063217,3.8240481061,6.2555964074,3.2713036746,12.0633891919,0.0315527171,2.8951091787,0.0315527171,7.1093626059,10.9506727520
4,cite,tal/related/partitioning-dataflow-analysis-with-types-gamma.dat,0.0315527171,0.0315527171,0.0315527171,0.0315527171,0.0315527171,0.0315527171,0.0315527171,0.0315527171,0.0315527171,11.0315527171,0.0315527171,0.0315527171,0.0315527171,0.0315527171,0.0315527171,0.0315527171,0.0315527171,0.0315527171,0.0315527171,0.0315527171
4,cite,tal/related/pcc-gamma.dat,110.9699305832,0.0315527171,3.9204170211,35.2823011637,20.1557502234,5.9949774861,84.7686965385,11.3581493404,69.2063251763,106.7982576861,29.9220926908,3.2349772571,12.9950287668,1.5239831137,55.6291740291,39.3994221909,77.2311875066,41.5660416565,10.8823025667,85.7604866277
4,cite,tal/related/polymorphic-memory-management-gamma.dat,181.1196310179,48.7730846856,42.9131562632,46.3050942972,883.7345276943,37.2569171114,965.6587926255,41.8879438178,296.3854537301,1403.5010277368,90.6968128342,125.6926165109,340.7253094460,621.3003682637,94.1398217835,555.3410206740,197.0934881649,225.7189045169,61.4755966093,389.9114865584
4,cite,tal/related/regions-popl96-gamma.dat,293.3157011433,37.7990732239,162.3495882802,94.6311193600,277.8608725471,105.6098321480,279.8156456974,19.3816398455,302.6443672049,852.9917838292,0.0315527171,40.7524972552,377.9375257216,1013.0778065230,54.9658046015,430.7948970827,29.6378411918,4.1187240298,23.7966422004,99.1181397390
4,cite,tal/related/simple-imperative-polymorphism-gamma.dat,104.7152674285,19.7902883339,147.6774303022,0.0315527171,159.1363939261,25.6585395856,51.1959635119,5.3069064548,51.5353461451,1103.0886152087,3.7280118537,24.7723108529,137.4390272695,264.2486438054,48.7475821596,215.5401050559,28.0095103572,27.0764300630,5.2739481942,58.6591811166
4,cite,tal/related/software-fault-isolation-gamma.dat,478.5368684139,379.3959056862,8.4310208243,844.8362547119,75.1598194151,54.0398521388,442.6480447487,340.4093922466,89.8302075430,35.2681229824,110.9376149631,173.4227522534,242.9457299368,828.2809515175,126.3338202049,10.6469823502,154.2484622177,122.3150081904,197.4937651336,240.4504788631
4,cite,tal/related/state-in-haskell-gamma.dat,178.0197755453,19.8350709543,1525.8175964927,78.7634990483,768.0536583395,522.5233187511,163.9588913390,71.7002118272,284.6425413318,1152.0634593242,198.7137856158,110.8886079314,576.5284256252,1101.0458595334,166.5890948897,301.2190203948,342.1406896036,130.6543059334,35.8577047539,235.6155371070
4,cite,tal/related/taste-of-linear-logic-gamma.dat,104.7615315353,30.9587540777,82.7982374649,9.8696297584,175.1789289526,193.4268876352,21.7858708378,5.2420563224,127.0811332140,824.4100075667,50.6426167977,14.8682136287,255.8212195218,338.8995562908,60.3606854868,1041.1125166900,161.5965625419,147.1641818120,9.6439254556,79.0085387515
4,cite,tal/related/til-ml-compiler-gamma.dat,229.3872791000,20.4574382638,8.0416599234,45.7572085366,18.9724208721,9.3484890416,190.0239409395,8.8383841247,19.4251423688,286.0663651906,25.0887172663,6.0342282312,67.9456792297,141.4016558655,6.6287869989,25.8485285586,5.4484518215,56.4114039638,28.0029785125,72.5022955327
4,cite,tal/related/til-type-directed-compiler-gamma.dat,241.2811702265,11.2912864667,39.5494233498,14.2230029746,15.9206193739,7.5285998261,54.1892773518,19.1659006920,6.6994345927,284.6868910945,11.6797628084,24.1632124166,54.3285004063,103.5010218287,24.6999802442,17.9545163234,53.9674148690,51.8931550809,10.2064027447,94.7014816710
4,cite,tal/related/tolmach-tag-free-gc-gamma.dat,303.9859504606,10.9158558109,159.1487892513,118.0794023616,116.1957020100,54.9192602686,379.1555291857,28.0916382384,264.6385740241,1194.5282244505,38.4866152961,73.9562135313,313.0171991009,416.8899922464,40.3867467775,86.8442166118,92.7601044436,36.0832760205,37.1607233070,81.3870409451
4,cite,tal/related/type-inference-references-gamma.dat,87.3921088332,8.4405842199,79.6106731015,36.9457008232,768.9460597102,89.2715988578,14.8342321765,8.9349497969,125.0026722376,1783.9822189877,18.6707993855,104.3223633957,266.5607506645,497.4213547380,62.9918232501,467.0839964592,55.2039261720,38.5979334029,49.9385398219,560.4787683073
4,cite,tal/related/typed-closure-gamma.dat,420.1713433998,29.2464969364,55.7446430346,14.9363398389,193.1142936097,3.3885868262,127.3247348072,41.8896590703,245.1516181302,1647.6507463695,39.7892571996,25.8803314023,271.7190322185,363.1552982764,63.8052499723,246.7275498272,58.4211163088,79.6315806409,49.6698888227,239.2132876503
4,cite,tal/related/unboxed-polymorphism-gamma.dat,260.9067441021,6.9953137733,370.4783168236,175.1779625295,0.0315527171,115.7340876963,163.4088868082,11.5871891709,169.3762638377,1285.2408873045,5.8843828997,92.5397244477,352.0862354555,352.5168960330,25.4469079552,145.4425963196,22.2753531292,75.3733413327,2.3901350792,68.7382769265
4,cite,tal/related/wells-typed-transformations-gamma.dat,274.7387494138,21.9310560398,147.1214005869,110.3118255704,0.0315527171,46.7189227574,82.0719006360,112.9571577266,686.3181791444,1256.4520996156,65.6312659037,15.6293248792,251.8618194895,440.8063832777,43.2260562416,96.1747206226,131.6542263294,136.6982084093,52.5745369171,113.7216680638
4,cite,tal/related/zhong-shao-flint-gamma.dat,288.7693629155,17.5672181169,286.7770142929,17.3346994296,39.7955611406,0.0315527171,54.6561871435,45.0543207725,79.1283832108,871.6905397969,25.7407175087,16.2116581419,133.3781838595,190.6807302046,56.0757528476,41.1304575222,14.5863001442,18.8096783179,4.5399672959,125.6727689629
