rn                   0.0366726587752      1750       958       
of                   0.0304431663145      379        361       
for                  0.0288149885342      352        352       
and                  0.0276181540678      289        281       
a                    0.0254082809551      210        185       
in                   0.0216922771094      171        168       
titlea               0.0211119982448      165        165       
the                  0.0181824299676      120        112       
c                    0.0161582424237      102        100       
to                   0.0153058964514      94         93        
with                 0.0149377546236      91         91        
r                    0.0136082600877      77         74        
j                    0.0134436114403      75         71        
type                 0.0134315294372      76         74        
analysis             0.0130780681362      74         74        
data                 0.0126115145062      69         67        
program              0.0120628900247      64         61        
m                    0.0118220634213      60         53        
titlethe             0.0114974420548      61         61        
s                    0.011233733002       58         56        
d                    0.01117128544        58         57        
programming          0.0108368914695      55         53        
logic                0.0106398570792      54         53        
david                0.0100289471719      50         50        
semantics            0.00945995179544     46         46        
language             0.00931446557014     45         45        
w                    0.00904304848495     41         36        
flow                 0.00886977108154     42         42        
types                0.00856611911306     40         40        
k                    0.00853692264824     39         37        
concurrent           0.00841203028216     39         39        
abstract             0.0080991317432      37         37        
programs             0.0080991317432      37         37        
titleon              0.0079402376941      36         36        
michael              0.00784137055901     35         34        
l                    0.00777965367899     35         35        
an                   0.00761733140018     34         34        
on                   0.00761733140018     34         34        
p                    0.00761733140018     34         34        
e                    0.00757872441875     33         31        
by                   0.00745321971771     33         33        
peter                0.00745321971771     33         33        
b                    0.00745321971771     33         33        
higherorder          0.00734906610303     32         31        
system               0.00694958855455     30         30        
using                0.00694958855455     30         30        
functional           0.00694958855455     30         30        
g                    0.00694958855455     30         30        
titlean              0.00677774124776     29         29        
verification         0.00660379590608     28         28        
