the                  0.00923839682144     8911       1078      
type                 0.00693444218992     891        314       
of                   0.00655913180714     7832       1118      
program              0.00611816579161     986        419       
we                   0.00594737765246     2093       775       
data                 0.00582974446677     682        273       
to                   0.00560419025499     4168       1019      
a                    0.00553475887082     5445       1082      
that                 0.00550859461088     2313       843       
is                   0.00545348043505     2938       928       
analysis             0.00543706607023     608        254       
types                0.00530969419989     543        218       
language             0.0052120809531      819        407       
in                   0.00519594921468     3335       980       
are                  0.00510978505259     1389       665       
as                   0.00510146231843     1237       613       
programs             0.00505904270285     861        445       
by                   0.00493410268289     1220       622       
logic                0.00490909495451     456        182       
be                   0.00489653095237     1130       590       
our                  0.00479205977739     753        407       
and                  0.00474968614919     4696       1083      
on                   0.00471595665009     1146       614       
algorithm            0.00453906119161     463        217       
which                0.0045286583074      909        524       
programming          0.00450425873227     632        354       
with                 0.00446866005085     1315       700       
system               0.00437755652822     545        300       
semantics            0.00434265811405     514        278       
this                 0.00431854348656     1389       738       
an                   0.00427940666029     1187       674       
can                  0.00422362928862     846        523       
for                  0.00421477841068     2847       994       
it                   0.00411416893947     712        453       
or                   0.00385736925652     489        308       
model                0.00377262204382     372        204       
code                 0.00374610519576     347        181       
from                 0.00372193010253     557        384       
languages            0.00367580624981     427        270       
not                  0.00357934117556     463        317       
flow                 0.00356619903266     253        99        
have                 0.00353417624538     442        302       
such                 0.00353276998623     500        358       
abstract             0.00344656559811     296        155       
these                0.00344581972588     429        300       
time                 0.0033196217425      292        163       
has                  0.00327311154552     414        307       
verification         0.00321334098883     260        136       
problem              0.00320304993875     310        197       
all                  0.00319894679783     350        245       
