949
680
1971
591
2167
610
1737
107
482
1345
587
274
978
1237
1864
161
2091
1042
430
1163
1813
1480
97
1445
99
357
1348
1110
2193
463
728
1885
2019
1918
1001
398
1205
1687
712
61
887
1988
604
1272
1679
73
1874
990
622
847
778
872
776
2076
469
509
1366
178
474
532
507
1643
490
1103
1267
1849
1416
216
209
853
1196
561
29
1607
875
1044
1722
1263
730
1082
1297
2016
1191
1675
956
1799
1051
1401
2102
399
1104
240
1447
1625
632
1193
455
1367
1473
324
454
182
2023
7
376
784
674
1463
738
249
1276
706
2170
777
10
973
1
394
123
1399
2035
564
367
1374
1981
2157
256
1439
2176
1824
11
277
854
1437
1461
453
2262
1178
131
1010
1927
710
392
2
1906
1254
762
856
1373
329
91
951
49
1038
1489
629
1375
1425
1168
1658
1476
111
1101
220
1207
1321
94
1238
176
1818
2259
504
2143
541
492
2117
1884
754
1226
1429
534
419
164
2066
2169
2119
960
2009
1363
90
298
2247
2177
1222
873
1889
1394
1602
554
1126
1061
1990
2039
473
1682
2011
795
830
264
531
637
1603
2049
675
472
2099
903
2097
77
354
1093
2241
840
562
1717
121
755
1304
857
888
616
1357
2142
1090
1197
1935
2056
2002
1846
1220
1460
692
1121
1595
1876
149
450
1370
2082
831
1628
980
1161
773
1904
212
723
529
1218
136
891
1371
1481
684
733
9
2069
2065
772
1359
1804
1435
901
565
1630
424
174
1841
679
1729
2153
865
1317
66
792
1617
1655
966
1969
1599
1733
1678
657
1924
1016
1333
552
1665
1023
822
665
1779
1640
1011
982
422
1150
1835
2150
1012
832
2163
740
1328
1998
388
308
1893
650
1897
1385
234
883
782
377
1364
512
1638
1048
437
2031
1674
1641
1843
181
96
669
1225
1325
619
673
2033
519
1899
958
1063
1967
1855
416
1699
1424
106
283
1129
499
626
1456
1978
500
1145
1242
2174
1279
877
2047
1450
1724
1412
2088
823
1633
900
1775
2196
35
502
1156
348
410
690
992
1650
1934
1954
1642
1659
120
1730
593
1360
387
1072
315
732
584
553
598
1091
43
843
445
1245
42
2089
317
2201
1203
948
105
1474
746
218
2068
1015
1029
659
934
1280
1905
44
230
391
1426
118
1236
1285
1083
2131
1305
1086
352
1793
137
1995
698
319
890
1920
1214
1210
1712
939
1639
2057
124
648
508
1123
139
1322
156
964
1852
1200
1942
1592
602
326
530
2181
1851
1738
2018
479
2246
1829
468
1672
1714
806
941
335
1324
288
737
846
2252
1914
1176
1199
596
1810
1035
688
520
1778
1826
2103
2095
235
358
2012
821
318
892
1194
1189
361
199
749
1341
266
1916
1618
83
613
1774
1949
2100
1208
729
820
935
1069
1319
724
2204
634
1715
1870
655
678
390
1404
2072
1449
57
125
1073
925
1594
918
1158
1613
516
2052
1801
884
981
582
1773
484
670
37
2037
836
1316
514
2206
2086
1802
1339
370
1293
704
615
976
752
265
1833
756
969
1088
1983
818
711
2114
2096
1976
608
1686
2085
676
794
691
1629
2141
414
406
180
1706
225
2161
1947
987
1881
126
69
1921
789
1128
112
1840
1281
1177
1427
549
697
355
1019
1230
434
1387
1786
1229
1377
203
293
717
1453
2173
766
170
916
2144
2145
1050
405
855
1707
214
1260
1213
268
316
1952
501
1198
2025
1180
1996
1344
1894
567
1970
2127
1009
1591
429
1923
1132
647
1816
1440
936
1071
76
2188
2073
2010
1700
908
1361
1323
627
1332
1358
1790
255
1661
1131
2255
617
662
1022
922
1417
2138
1601
1411
671
588
1991
522
78
167
2200
1898
996
12
585
1079
166
342
1275
68
876
2120
720
1955
1139
2003
2184
402
921
2162
1369
187
652
1224
1705
1847
262
540
119
1926
1922
2137
1155
2189
39
557
1421
127
535
467
497
760
1989
898
1209
2132
1246
2111
599
21
2146
1262
423
415
267
8
297
1258
683
1039
1314
1302
2140
448
1428
1053
761
22
48
478
1944
658
409
2004
475
417
1987
1487
477
2077
967
725
896
440
1731
2104
427
866
926
1078
862
800
184
1962
1005
695
750
381
770
334
2240
805
1472
1937
1382
718
1913
1711
1933
1014
217
172
1862
1303
224
403
1721
1901
880
696
1175
635
2199
53
839
459
2020
2128
1782
1392
1296
2261
569
257
1830
2026
559
2180
842
998
456
189
1670
95
1046
72
330
449
2112
984
1863
1701
625
305
1819
1362
51
229
1696
195
1159
609
389
699
2136
1806
1770
245
65
539
421
682
1312
1181
1028
2108
1664
145
369
1964
1858
1464
605
1342
2013
914
1815
928
1783
954
748
1961
287
1939
1856
14
0
211
2239
649
1644
1960
527
413
226
1340
1791
545
874
98
1310
252
689
333
2116
244
464
1646
1635
491
108
2254
179
428
383
858
221
1781
1130
1383
586
1376
2032
1347
861
1631
642
1327
2043
2115
2203
713
159
1355
470
4
2094
1823
1912
371
751
192
2062
1968
1066
302
17
694
511
1710
1309
1822
837
462
55
2093
404
74
340
1092
33
870
807
1812
1825
938
1811
327
986
1984
971
2205
2030
142
2251
1311
75
62
997
1776
1067
2171
1430
1697
1068
1240
372
2175
426
714
300
1677
2244
1879
1098
965
736
1771
1094
1391
848
129
1244
1726
384
1455
1006
1611
100
780
54
834
2123
1099
779
1616
219
207
781
2008
239
88
893
109
1165
1235
117
1274
1444
1441
994
102
328
349
2053
1032
1820
985
441
70
1925
1054
1134
290
2154
2083
1910
1691
1454
1596
844
1468
542
1320
1784
122
1656
1928
1241
1351
408
301
1610
2179
1956
104
400
1438
1789
1814
797
1253
651
87
563
1907
1169
433
1346
1649
1402
1365
1077
1112
838
487
1147
1076
411
213
983
46
2005
154
346
201
735
27
412
38
1975
1728
1036
594
2022
1395
912
864
798
583
343
524
2054
1681
2075
1662
147
169
2050
304
1645
353
1202
1100
307
311
339
1140
796
1432
764
1844
575
1612
859
835
407
2121
685
133
1174
1013
1467
1590
920
1704
606
1206
1974
458
1850
310
1070
296
1946
241
933
1720
1688
972
1109
1466
1615
2090
1727
2249
2110
2014
1111
902
331
961
661
1837
1004
314
1442
768
993
505
2238
1951
1948
2061
1413
621
1406
929
791
279
1231
250
1808
943
1888
13
24
793
344
1154
1008
886
258
1414
656
162
1859
2080
420
494
2113
1136
1277
1842
1349
364
85
1352
168
1047
1794
510
1709
829
2190
1979
636
955
281
2084
525
171
2152
850
345
436
291
1868
18
2058
577
825
1043
1680
2159
672
1936
200
774
366
2092
799
1469
1173
208
1164
261
1040
481
248
130
1102
726
1861
1356
148
783
1836
19
1259
915
2151
871
2134
1292
945
1446
2041
452
185
1257
1719
1113
1832
2038
1420
2125
643
1167
544
2168
566
905
175
1653
58
378
1853
282
812
2197
243
1490
2257
1291
1284
1929
1982
2081
590
157
722
555
2109
1484
237
1007
432
826
1116
734
957
1865
135
1482
338
493
1143
1306
904
1478
1256
2015
2118
1308
128
350
667
1278
1621
197
654
25
2007
803
579
60
1249
1286
386
790
273
1052
2155
101
1080
2000
889
1891
1471
1185
6
233
40
1223
1872
2029
1623
1271
1792
693
1732
444
869
1002
1459
1620
952
1184
1149
1247
1334
1636
1945
134
1024
1671
115
1795
1343
618
228
1736
1045
739
1470
158
1887
931
1800
322
153
2186
205
368
365
1162
1619
666
1624
1122
556
911
817
1096
1637
1871
572
140
940
771
31
809
2051
2236
1057
1734
1485
506
897
1299
1354
1647
1252
360
705
132
2034
1892
942
1716
538
1095
950
1667
852
2107
152
15
141
188
1977
1270
32
899
581
551
1233
664
1228
1957
1660
3
1600
103
788
2060
385
741
2027
2148
947
962
708
289
2258
612
1875
1423
1993
5
1882
863
1243
2245
1963
1900
759
2059
2250
802
356
47
397
1452
868
231
89
719
620
1909
2126
1089
558
2172
204
2130
1273
1772
1693
727
309
254
1298
543
1690
286
2133
2106
595
974
731
1434
1329
631
1287
1821
1234
1313
59
2122
488
995
930
1107
1350
63
323
747
775
1058
1689
1886
1179
138
2087
1663
624
379
1673
2164
1431
1232
2124
701
785
1651
1182
1318
1632
568
1941
1854
1265
611
763
1188
2191
116
1797
1930
1204
489
1125
1605
1115
1290
574
251
2048
907
1828
1405
2063
1488
1448
646
600
471
1003
1972
1422
222
1845
601
1657
753
294
1917
968
828
1379
1018
528
576
1409
1940
1848
1087
278
93
194
34
757
238
1857
1992
1055
1268
709
1878
1118
879
1282
64
1183
639
457
503
435
113
1788
1834
513
498
1056
1614
1684
183
52
824
336
2253
26
767
810
537
1994
1880
946
1215
1593
191
614
550
16
515
2243
2079
1157
1953
1106
2001
814
1219
67
1807
526
1400
1803
1393
628
259
571
623
970
232
143
1170
1144
1695
2045
953
1694
977
373
460
2192
743
1372
1084
1216
438
2235
1483
881
1652
1457
1330
1915
1932
41
765
1331
1698
247
2158
2071
1027
1486
1931
1950
1683
668
223
687
607
944
30
845
351
1251
707
1059
1283
523
71
295
536
114
56
465
913
1138
1896
1883
312
1300
1160
1390
811
1451
1890
332
894
1735
1860
804
2078
1877
1462
1389
50
1025
2178
1368
160
253
1030
989
92
745
786
285
20
1443
2105
466
819
849
1997
1133
742
2182
1986
1264
1622
1186
81
2248
681
1166
644
660
451
910
1171
815
476
280
1192
882
1839
758
270
362
337
1654
271
1408
380
1255
325
1060
979
485
359
210
186
703
578
1141
2166
1608
827
28
787
700
1609
1606
1725
2028
517
1135
1034
1127
959
1713
1211
2024
1903
1195
461
320
150
80
867
155
1021
2021
603
1301
1081
2198
276
2183
1384
641
206
1398
2036
1227
1407
2129
375
442
592
801
382
446
486
1386
1787
744
963
1965
299
2202
246
1919
1831
1108
79
1388
686
1668
1703
341
570
269
23
1142
2040
272
1326
547
716
263
919
396
923
1873
2070
1985
1295
991
1336
395
1396
1809
2006
1031
917
560
653
431
1120
1033
2185
1289
2256
1250
895
1692
1137
236
1669
1380
813
1152
1415
1895
2044
2074
292
924
1598
1805
1780
2055
227
1943
2042
546
1221
1911
1436
715
1201
1020
1597
1718
2067
533
2242
1338
816
589
2149
808
1838
937
303
841
401
1266
2165
2237
1288
177
1397
1477
906
275
418
1153
1433
1685
1419
110
284
1212
1294
721
1248
580
45
1966
1827
480
1479
173
439
1475
374
84
1075
198
1172
833
447
2064
851
988
443
496
483
1785
1410
1908
2260
196
1378
1973
769
2207
1817
1381
2101
1723
144
1037
215
645
1676
1465
1777
1217
640
1666
1999
932
363
1902
1124
1418
1702
1626
2139
573
2160
1337
260
999
1017
82
36
1403
1958
1959
1458
1085
1353
86
597
548
1335
1065
702
909
1062
1151
1866
1307
1315
1097
975
193
393
1146
2195
1041
313
306
885
1105
1117
638
1187
2194
1708
1980
1114
1190
927
321
1938
1261
2046
2098
1000
1648
146
190
1798
2017
151
633
1604
1269
860
1634
242
425
663
1867
2135
1064
202
2147
163
347
1119
2156
878
495
518
1026
1796
1869
677
1074
1049
1239
1148