·                    0.00132184364639     21261      626       
the                  0.0012499252297      665038     1316      
type                 0.00092573896859     52639      1050      
node                 0.000765656685316    10199      539       
of                   0.000718040073807    382042     1316      
heap                 0.000698181171553    5333       282       
a                    0.000656917523824    349521     1316      
thread               0.000597658434222    3434       171       
graph                0.00057077038        8447       588       
µ                    0.000566015263885    2529       96        
×                    0.000564279167933    5181       364       
q                    0.000557383296       24982      994       
types                0.000549951531271    22687      972       
memory               0.00052989814074     7119       543       
u                    0.000519228895995    25317      1015      
int                  0.000506458148597    6951       553       
object               0.000503714396174    8084       625       
­                    0.000499826762885    13688      843       
flow                 0.000495691027912    7056       570       
nodes                0.000494420636239    6728       549       
trace                0.000494056938605    3420       241       
typing               0.000492155393822    5847       485       
and                  0.000490878674064    261178     1316      
§                    0.000477763371509    2211       105       
attribute            0.000473634062082    2492       142       
loop                 0.000470659126438    6831       579       
edge                 0.000467409637976    3799       309       
tree                 0.000465000218642    7157       606       
figure               0.00046212871058     17690      951       
algorithm            0.000461440137235    14899      899       
security             0.000452215179702    2651       178       
stack                0.000451567512446    4646       417       
formula              0.00044317509917     3990       355       
module               0.00044194762311     3189       258       
path                 0.000441629135841    6246       567       
is                   0.000432079160636    229893     1316      
to                   0.000429173485464    228347     1316      
transition           0.000426403953632    4313       409       
array                0.000422548225788    4274       409       
edges                0.000418781223931    3616       336       
pages                0.000407705453961    8686       747       
code                 0.000405990633431    13611      911       
£                    0.000400007002957    1480       56        
subtyping            0.000399723844772    2767       241       
logic                0.000397223725873    9707       801       
in                   0.000393381449282    233775     1313      
processes            0.000389248743849    3954       411       
lemma                0.000388159065635    7546       709       
calculus             0.000386412185955    5756       591       
term                 0.000385530068394    7957       734       
objects              0.000385154847966    6306       634       
procedure            0.000383906560307    7481       710       
lock                 0.0003822995964      1796       109       
channel              0.000381464223044    1812       112       
rule                 0.000381251180712    11902      888       
def                  0.000377305675274    2977       296       
store                0.000375338621983    4497       489       
field                0.000364191511036    3755       418       
analysis             0.000363978709163    16835      1002      
pointer              0.000363949031036    3650       405       
¯                    0.000359344748992    1192       39        
string               0.000358950694668    3368       374       
pattern              0.000358907726732    3748       424       
¨                    0.000358423705731    1044       24        
probability          0.00035553810687     1524       86        
constraint           0.000353500103862    3967       458       
automaton            0.000353111432073    1846       140       
threads              0.000350490876876    2043       176       
¡                    0.000341781848545    985        23        
concurrent           0.000341593859312    3268       383       
verification         0.000339708940254    4603       547       
inference            0.000337434670774    4543       544       
message              0.000337172191434    2334       241       
fields               0.000335615938561    2734       310       
constraints          0.000335014877813    5067       598       
query                0.000333051166537    1897       168       
reduction            0.000330494567335    5802       665       
atomic               0.000328943246677    3181       388       
¤                    0.000325876060826    849        15        
list                 0.000320618959829    7477       783       
o                    0.000320351186015    16153      1023      
val                  0.000319371700486    2661       320       
predicate            0.000319085262936    4370       552       
region               0.00031747763601     1840       174       
dependence           0.000315109345328    1926       193       
instruction          0.000313819832294    2259       257       
register             0.000313775406769    1876       185       
predicates           0.000313173555915    3022       387       
bisimulation         0.000311501932539    1375       93        
rules                0.000311138068949    12380      962       
vertex               0.000309236463939    1365       93        
probabilistic        0.000308556823358    1362       93        
error                0.000308344652785    3671       486       
state                0.000306697689742    14018      999       
paths                0.000304866988525    3204       427       
separation           0.000304397106709    2149       249       
location             0.000304351092129    3459       464       
table                0.000300962752611    4113       551       
compiler             0.000298429471854    5263       667       
input                0.000298324693411    7252       799       
assertions           0.000298278130532    2236       274       
id                   0.000297985570407    3192       436       
evaluation           0.000297314605269    6674       768       
attributes           0.000297121628724    1493       128       
¢                    0.000295497658504    1200       74        
polymorphic          0.000294039061292    2607       348       
abstraction          0.000292522215571    6325       753       
modules              0.000292229838826    1973       231       
nil                  0.000291998633394    2107       258       
parallel             0.000290916119202    4195       576       
environment          0.000290598959468    5044       660       
signature            0.000289391796003    1944       229       
equivalence          0.000287794815997    4733       636       
method               0.000287272146837    7956       847       
specification        0.000286726666137    5103       671       
refinement           0.000286584113838    2256       295       
policy               0.000286459365319    1415       123       
semantics            0.000286129942662    16423      1052      
grammar              0.000284821543931    2802       396       
ml                   0.000284337804023    3987       563       
states               0.000284163457973    6661       785       
expression           0.000283993490622    9960       925       
execution            0.000283580707979    7154       813       
formulas             0.000283526765727    1987       246       
block                0.000282885609319    2777       395       
action               0.000282271145206    2620       369       
transitions          0.000280685177962    2149       283       
fig                  0.000278530576085    1909       237       
dynamic              0.00027846147335     5013       676       
pc                   0.000277249301788    1653       184       
typed                0.000276312248816    3736       546       
v                    0.000275887830131    38146      1184      
translation          0.000275569725995    3518       519       
linear               0.000275254970593    4650       648       
lambda               0.000274761365671    2845       420       
actions              0.000274421219518    2266       316       
alias                0.000273954621182    1446       143       
invariant            0.00027306465403     2975       444       
h                    0.000272806279105    22123      1116      
static               0.000270660125452    5724       744       
machine              0.000270274456061    4215       612       
output               0.000269806005959    4457       638       
exp                  0.000267862271491    1490       160       
java                 0.000267656351       2107       295       
resource             0.000267185318437    1642       195       
cell                 0.000266534440682    1638       195       
proof                0.000266530294535    14877      1046      
class                0.000266103095605    7267       842       
locations            0.000264085071782    2598       396       
unification          0.000262545509132    1526       175       
cache                0.000261144735801    1245       113       
statement            0.000260536584246    4867       692       
for                  0.000259871621777    143263     1315      
proc                 0.0002596752157      3777       580       
label                0.000259661844878    2823       443       
pp                   0.000259626844278    3400       531       
z                    0.000259261393411    16410      1072      
pi                   0.000259244322288    3424       535       
reachability         0.000258209388818    1432       159       
queue                0.00025788955003     1309       131       
env                  0.000257115873572    1248       118       
checking             0.000256608330081    4609       675       
javascript           0.000255942694542    849        39        
monad                0.000255934564553    1054       77        
patterns             0.000255726774658    2055       304       
client               0.000255662882743    1388       152       
domain               0.000255307104987    5206       729       
assertion            0.000255228363527    2037       301       
substitution         0.000252859712653    2960       478       
concrete             0.000252538042748    2950       477       
shape                0.000251888862448    1787       251       
transformation       0.00025183148291     3270       527       
proposition          0.000251324359228    2243       351       
frame                0.000250919135523    1563       200       
grammars             0.000250710103224    1428       168       
functor              0.000250027730984    1192       113       
that                 0.000247469051854    141543     1314      
bool                 0.000247150663666    1844       272       
higherorder          0.000246320283404    2695       446       
continuation         0.000245639220266    1485       189       
expressions          0.000245276504094    7588       885       
local                0.000245193225562    5504       768       
optimization         0.000244746264051    3059       509       
var                  0.000244705192444    2127       339       
w                    0.000244070062002    24482      1147      
model                0.000244060132526    10771      990       
cost                 0.000243518559512    3018       505       
symbolic             0.000243510777656    2614       437       
update               0.000243140246707    2588       433       
interface            0.000242785688032    2101       337       
traces               0.000242415873111    1409       175       
null                 0.000241942759219    1962       308       
graphs               0.000241876589105    2329       386       
equations            0.000241685384126    2741       463       
process              0.000241015357119    7593       891       
names                0.000240534973322    3686       604       
xs                   0.000239101435031    1594       226       
invariants           0.000239074158796    1882       295       
command              0.000239032047131    1525       209       
instructions         0.000238572766446    1780       272       
relational           0.000238060021485    1652       242       
allocation           0.000237691551302    1976       319       
transformations      0.000237133808647    2611       449       
name                 0.000236884879445    4627       711       
axioms               0.000236637320693    1880       299       
pointers             0.000236201322796    2164       363       
clause               0.000235998835803    1828       288       
specifications       0.000235769831422    2708       469       
iff                  0.000235694899744    3791       626       
locks                0.000235261989176    991        82        
data                 0.000235153797382    17321      1100      
automata             0.000234517340718    1976       325       
reasoning            0.000234479303448    3822       632       
fun                  0.000233660584584    1362       176       
temporal             0.000233145913693    1359       176       
nat                  0.000233057561648    1103       111       
safety               0.000232960673733    2167       370       
return               0.000232229702917    5213       768       
global               0.000231666980064    4012       659       
channels             0.000230798279306    1144       124       
communication        0.000230293288021    2189       380       
statements           0.000230147068936    3248       566       
unit                 0.000229960665967    2272       398       
access               0.000229242792633    3490       601       
subtype              0.000228965862695    1266       158       
cps                  0.000228252837458    940        77        
x                    0.000227987527306    68710      1239      
size                 0.00022794890086     4941       754       
constructor          0.000227846365434    2092       364       
entry                0.000227835149249    2251       398       
operational          0.000227604478694    2968       529       
ref                  0.00022751740749     1239       153       
algebra              0.000226902869504    1713       277       
recursive            0.000226719950449    5141       772       
record               0.000226329629175    3201       567       
runtime              0.000226164705205    3391       594       
vertices             0.000226115682887    1078       113       
semantic             0.00022608396944     3960       664       
interprocedural      0.000226079879457    1299       171       
network              0.000225738984085    1482       220       
trees                0.000225644622271    2647       479       
regular              0.000224757403287    1898       326       
derivation           0.000224609424311    2406       436       
map                  0.000223029235119    3388       600       
sequential           0.000222729577904    2468       452       
configuration        0.000222689451358    1576       250       
soundness            0.000222563911777    2770       507       
queries              0.000221912411949    1227       158       
quantum              0.000221856729279    578        15        
lens                 0.000221539363533    529        10        
control              0.000220847303215    6151       849       
theorem              0.000220728098419    10416      1007      
source               0.000219064976515    3811       661       
optimizations        0.000218753643105    1726       296       
protocol             0.000218604377271    1216       160       
synchronization      0.000218545939806    1365       201       
interval             0.000218198145147    1170       148       
effects              0.000217348710152    2353       441       
read                 0.00021705869222     3400       614       
parameters           0.000216338131352    3027       562       
dag                  0.000216229072191    970        97        
functional           0.000216160793834    4914       773       
site                 0.000216022826242    1252       174       
events               0.000215990217321    1259       176       
interpretation       0.000215829013289    3850       672       
contract             0.000214913363915    1310       192       
filter               0.000214252373084    1014       111       
relation             0.000214229659981    8144       949       
finite               0.000213959117466    6079       856       
contracts            0.000213739667901    813        61        
analyses             0.000213717755974    1870       342       
exit                 0.000212825136377    1532       257       
assignment           0.000212801801155    3796       672       
termination          0.000212582859453    2282       437       
procedures           0.000212470217044    2503       481       
messages             0.000212160635486    1272       186       
induction            0.000211695338691    4001       697       
closed               0.000211617769109    3078       580       
closure              0.000211427431507    2908       554       
coercion             0.000210905982625    1049       125       
pointsto             0.000210770952571    872        78        
symbols              0.000209983775794    1966       373       
reachable            0.000209749705508    1636       291       
event                0.000209100653319    1191       168       
policies             0.000209038456492    934        96        
relations            0.000208774326917    3358       626       
logical              0.000208490615566    2801       543       
dependent            0.00020799865361     1939       371       
contexts             0.000207561033275    2384       469       
binding              0.000207462298134    1934       371       
optimal              0.000207451539302    1461       248       
session              0.000206760376528    765        56        
ownership            0.000206654655547    811        67        
garbage              0.000206434796249    1279       198       
dataflow             0.000206356705552    1320       210       
phase                0.000205655091627    1702       317       
vector               0.000205179535822    1549       277       
reference            0.000205120464148    3213       614       
el                   0.000204984009386    2238       445       
calls                0.000204861984511    3500       653       
labels               0.000204820489341    2041       402       
y                    0.000204694504796    27205      1180      
safe                 0.000204691391447    2188       435       
context              0.00020437042594     7611       943       
scheme               0.000203813466742    2613       521       
functions            0.000203556739806    10860      1036      
false                0.000202207315979    3486       657       
composition          0.0002018432211      2444       494       
operations           0.000201367790215    7251       933       
shared               0.000201257148428    2297       466       
registers            0.000200187482295    1060       144       
compilation          0.000199971733861    2075       421       
bounds               0.000199464939935    1753       344       
equational           0.000199403830331    1159       175       
axiom                0.000199126869359    1375       240       
inductive            0.000198453792051    1915       387       
performance          0.000198423089674    2130       437       
collector            0.000198142888687    816        77        
transaction          0.000198142188311    797        72        
proceedings          0.000197465686038    3596       681       
random               0.000197347584178    1078       154       
models               0.0001970772291      3367       653       
distribution         0.000196589091182    1064       151       
coq                  0.000196506713987    899        102       
join                 0.000196490210665    1340       235       
haskell              0.000196482097958    1178       186       
symbol               0.000196366517748    2289       476       
iteration            0.000195978668125    1883       385       
parameter            0.000195787379521    2799       572       
polymorphism         0.000195424918184    1574       305       
cfg                  0.000195172731812    718        55        
cons                 0.000195104866335    1304       227       
et                   0.0001950027223      4691       795       
polynomial           0.000194788223574    1246       210       
propagation          0.000194604169511    1411       260       
equation             0.000194603478889    1822       373       
handler              0.000194544934426    736        60        
redex                0.000194198202953    885        101       
target               0.000194151209014    2188       460       
algorithms           0.000193437100143    4288       763       
generic              0.00019300893663     1700       345       
´                    0.000192848021783    667        45        
base                 0.000192739093211    2634       551       
variables            0.000192464102197    16869      1128      
blame                0.000192180189647    593        30        
completeness         0.000191944834055    1801       374       
commands             0.000191413311226    1103       172       
si                   0.000190955399583    1819       381       
branch               0.000190901018862    1866       393       
domains              0.000190841095268    2088       446       
lattice              0.000190696384177    1343       248       
index                0.00019062193319     1924       408       
category             0.000190563404479    1235       215       
matching             0.000190477280176    1939       412       
solution             0.00019046628742     3583       695       
root                 0.000190373969051    1794       376       
space                0.000189771258389    4043       747       
production           0.000189190692608    1169       197       
partial              0.000189076845754    5078       836       
history              0.000188942362209    1158       194       
equality             0.00018858808624     2454       528       
operation            0.000188420959708    5160       843       
cells                0.000188080761774    1159       196       
asynchronous         0.000187853355821    1023       153       
library              0.000187759908342    1533       311       
boolean              0.000187693056632    2432       526       
head                 0.000187441362746    1462       291       
annotations          0.000187398137753    1482       297       
instance             0.000187134599505    5082       840       
line                 0.000187067664784    2455       532       
exception            0.000186963217003    1499       303       
parsing              0.000186546556844    1019       154       
classes              0.000186423781277    2747       586       
integer              0.000185731599286    3298       670       
world                0.000185233896485    1356       264       
loops                0.000184735098841    1798       391       
constructors         0.000184616394142    1580       332       
else                 0.000184475066739    4900       832       
principal            0.000183744451067    1197       217       
user                 0.00018304860259     2259       503       
sharing              0.00018304369111     1431       292       
methods              0.000182750885813    3932       751       
file                 0.000182728605283    1175       212       
match                0.000182492114938    2035       455       
valid                0.000182126271844    2910       623       
coercions            0.000181983066451    800        92        
strings              0.000181771700198    1299       254       
recursion            0.000181187652209    2121       478       
affine               0.000180696952776    691        62        
variable             0.000180477702712    11844      1079      
clauses              0.00017878048475     1256       247       
cl                   0.000178777536132    1911       435       
prefix               0.00017866577053     1400       293       
representation       0.000178660818064    4124       779       
inheritance          0.000178285489696    914        134       
infinite             0.000178202159706    2879       628       
parser               0.000177933073997    885        125       
lenses               0.00017788096687     449        13        
©£                   0.000177853104779    319        2         
operators            0.000177553452603    2479       561       
operator             0.000177236268718    3658       734       
correctness          0.000177216484505    4219       791       
algebraic            0.000177211557084    1520       333       
send                 0.000176906150767    987        161       
allocated            0.000176738155184    1350       282       
tl                   0.000176708660885    1584       353       
ti                   0.000176431127154    1870       431       
labeled              0.000176120682486    1514       334       
complexity           0.000176088184511    2826       625       
arrays               0.000175841668622    1397       299       
sound                0.00017580788775     2278       526       
errors               0.000175786750064    1607       362       
continuous           0.00017572596127     1036       180       
bounded              0.000175639408935    1769       407       
matrix               0.000175143453016    945        150       
contextual           0.00017510232959     757        88        
body                 0.000175038187862    3052       662       
element              0.000174698498745    4419       814       
elements             0.000174631300804    4769       842       
pure                 0.000174629540836    1696       390       
normal               0.000173753743802    2073       487       
consistent           0.000173634640411    2007       472       
precondition         0.000173605072013    1064       194       
resources            0.000173397782886    1115       212       
dom                  0.000173188410867    1137       220       
xml                  0.000172980677243    665        63        
synthesis            0.000172647945266    1087       204       
server               0.00017264462661     802        106       
inputs               0.000172426364614    1549       354       
hoare                0.0001723977191      1235       255       
regions              0.000172246009005    961        161       
judgment             0.000171971014021    1011       179       
bound                0.000171790714115    4601       835       
macro                0.000171666818703    739        87        
tag                  0.000171503836217    974        167       
test                 0.000171424006386    2739       623       
call                 0.00017141015846     8907       1030      
let                  0.000171393307369    19698      1164      
eq                   0.00017134356901     1053       195       
configurations       0.000171271004779    1064       199       
ai                   0.000171020621476    2124       506       
consistency          0.000170996934289    1222       254       
sequence             0.000170925994303    5860       918       
blocks               0.000170885919796    1469       334       
ret                  0.000170833034864    838        121       
arithmetic           0.000170827129628    1695       400       
distance             0.000170136691881    751        93        
self                 0.000169755357871    853        128       
strictness           0.000169666590087    721        84        
congruence           0.000169608080285    1048       197       
abstractions         0.000169535755337    1748       418       
declaration          0.000169411574001    1288       280       
free                 0.000169327562377    5010       870       
wellformed           0.000169294043841    1169       240       
log                  0.000168992008658    1016       187       
noninterference      0.000168855947878    666        68        
xi                   0.000168685580189    1893       458       
nominal              0.000168192815197    570        42        
firstorder           0.000167907442014    1437       332       
search               0.000167790229386    1672       402       
interpreter          0.000167653022432    1095       218       
continuations        0.000167315636115    953        168       
ambient              0.000167052372682    520        31        
behaviour            0.000166534430996    1004       188       
proofs               0.000166288007656    3474       739       
private              0.000166278368432    1008       190       
parse                0.000166204286951    801        116       
true                 0.000166129726781    7475       995       
records              0.00016602288029     1531       366       
st                   0.000165909860453    2548       605       
collection           0.000165776696743    2285       555       
executions           0.000165696873854    1147       241       
ls                   0.00016552405264     1020       196       
product              0.000165443260298    1677       410       
storage              0.000165383562436    1284       289       
computations         0.000165092128626    2162       531       
function             0.000165079854263    21940      1180      
structures           0.000164828982677    4630       852       
heaps                0.000164809517757    780        111       
total                0.000164767438099    2536       606       
precision            0.000164752344372    1132       238       
behavior             0.00016472726718     2632       623       
ci                   0.00016466779854     1444       343       
environments         0.000164511776006    1689       416       
live                 0.000164330992029    936        168       
prolog               0.000164279814843    692        82        
real                 0.000164231147094    2197       541       
objectoriented       0.000164213049501    1231       274       
public               0.000164030583441    799        119       
vi                   0.000164019757012    1872       466       
elimination          0.000164014269541    1559       380       
encoding             0.000163961289487    1397       330       
run                  0.000163885284703    2750       645       
agent                0.000163869470534    563        44        
simulation           0.000163825327856    1070       218       
ab                   0.000163744431615    1966       490       
benchmarks           0.000163724947659    908        159       
rank                 0.000163539109776    710        89        
hence                0.000163452662204    4402       837       
generation           0.00016316525745     1906       477       
race                 0.000162878526038    680        80        
end                  0.000162762978963    6103       945       
lncs                 0.000162478346716    1626       404       
syntax               0.000162466715625    4154       818       
ssa                  0.000162245256245    546        41        
core                 0.000162043845649    1703       427       
buffer               0.00016201256497     778        115       
condition            0.000161990199305    4153       819       
effect               0.000161947215922    3608       765       
constant             0.000161909760606    3527       756       
hypothesis           0.00016181354035     1515       373       
incremental          0.00016148292457     1014       203       
dominator            0.000161404333928    475        25        
lazy                 0.00016114232622     1228       281       
counter              0.00016110096689     1074       226       
struct               0.000161058950732    912        166       
value                0.000160749827097    16371      1149      
implementation       0.000160650894212    7581       1007      
declarations         0.000160308657994    1300       308       
initial              0.000160043472946    3911       801       
bindings             0.000159981807172    1053       221       
fresh                0.000159612552989    1527       383       
sum                  0.00015957687916     1713       437       
support              0.000159333764377    2875       677       
prove                0.00015921572075     5441       917       
clock                0.000159124698778    582        54        
volume               0.000158966215974    1822       468       
template             0.00015893237429     690        89        
§¥                   0.000158864152376    304        3         
ei                   0.000158859722355    1390       342       
identifier           0.000158771047191    1179       270       
decidable            0.000158740196134    1241       292       
ts                   0.000158734345277    1204       279       
framework            0.000158547065101    3353       744       
programmer           0.000158315203267    1921       495       
cp                   0.000158232516634    983        199       
weak                 0.000158194583797    1324       322       
expansion            0.000158075012689    953        188       
denotational         0.000157943339244    1184       274       
strong               0.000157723089826    1963       507       
ir                   0.000157512416716    968        195       
primitive            0.000157476544651    2232       568       
bit                  0.000157363817895    1448       365       
learning             0.000157338367146    703        96        
welltyped            0.00015712766347     1153       265       
system               0.000156964719994    17590      1161      
stream               0.000156964676855    810        136       
productions          0.000156930090771    729        106       
¦                    0.000156838730957    382        11        
assignments          0.000156557975895    1450       368       
projection           0.000156438008827    1137       261       
subtree              0.000156372863528    828        144       
xe                   0.000156220381958    882        165       
database             0.000156210627129    835        147       
conditional          0.000156189965643    1813       474       
sat                  0.000156086213605    779        126       
fixpoint             0.000156072935201    1022       219       
argument             0.000156007038966    4783       882       
check                0.000155987912259    3398       756       
al                   0.000155842764763    6092       957       
concurrency          0.000155639166107    1265       309       
sets                 0.000155626077964    6420       972       
sites                0.000155571442458    842        151       
sort                 0.000155528016176    1428       364       
interference         0.000155026393479    731        110       
net                  0.000154952553597    797        135       
points               0.000154785532319    2905       694       
reductions           0.000154558666799    1145       269       
level                0.000154464296114    4047       827       
approximation        0.000154396961278    1384       353       
length               0.000154356338952    2516       632       
xn                   0.000154331103401    1283       319       
open                 0.00015426454686     1825       483       
layout               0.000154244611121    664        87        
cousot               0.000153905888679    802        139       
fn                   0.000153831810889    1102       255       
fusion               0.00015381915294     539        47        
substitutions        0.000153552624299    1100       255       
bi                   0.000153133844415    1097       255       
permissions          0.000152962162283    779        132       
te                   0.000152949137374    917        186       
tool                 0.000152656068403    1829       489       
strict               0.000152328694851    1295       329       
virtual              0.00015222784793     900        181       
op                   0.000152033907952    1345       347       
tt                   0.000152009816796    1333       343       
kind                 0.000151995644268    2846       693       
internal             0.00015175984542     1636       439       
load                 0.000151754945758    801        143       
component            0.000151730411591    2315       602       
syntactic            0.000151692047753    2801       687       
compute              0.000151629491819    2668       666       
tion                 0.000151577957764    2825       691       
arguments            0.000151410726147    3416       770       
void                 0.000151397450942    827        154       
privacy              0.000151361863187    597        68        
intersection         0.000151183469945    1136       275       
sequences            0.000151134555254    1881       507       
step                 0.000151070166697    5386       930       
resp                 0.000150974419298    875        174       
writes               0.000150797297061    990        220       
identifiers          0.000150633168862    1216       306       
summaries            0.00015043677244     547        53        
checks               0.000150420716028    1625       440       
atoms                0.000150394982619    696        105       
write                0.000150277334259    6245       974       
web                  0.000150122959728    810        150       
returns              0.000149474539365    2899       708       
deterministic        0.000149094962519    1319       347       
fix                  0.000149075189185    1417       380       
dependency           0.000149059538432    931        201       
skip                 0.000149047047557    911        193       
annotation           0.0001486706265      951        210       
nested               0.000148670165657    1472       399       
pop                  0.00014844120094     761        134       
ordering             0.000148439530893    1745       480       
ax                   0.000148377779936    1253       326       
postcondition        0.000148315750492    725        120       
ii                   0.000148212664897    4025       840       
stores               0.000148199275339    1210       311       
partition            0.000148035420462    937        206       
rewriting            0.00014794958893     1065       257       
values               0.000147902115969    11994      1116      
segment              0.000147797076702    725        121       
signatures           0.000147724518703    802        152       
lisp                 0.000147598573203    1266       333       
word                 0.000147372563184    1084       266       
decision             0.00014729006604     1385       375       
k                    0.00014721184932     22876      1195      
side                 0.000147125036824    2840       706       
box                  0.000147010110006    830        165       
tn                   0.000147000737145    1136       287       
shall                0.000146770687885    1333       359       
strategy             0.000146695382139    1605       446       
ps                   0.000146471103455    1098       274       
modular              0.000146447278061    1245       329       
fair                 0.000146394387113    703        115       
constants            0.000146370814543    1845       513       
callbyvalue          0.000146316006802    968        223       
item                 0.0001461833813      742        131       
merge                0.000146124327159    947        215       
formulae             0.000145962354371    716        121       
group                0.000145947889802    1314       355       
casts                0.000145683966371    563        64        
active               0.000145293348568    1056       261       
top                  0.000144696480515    2003       557       
external             0.000144618653431    1036       255       
red                  0.000144386912478    658        101       
computation          0.000144302683444    7007       1014      
sl                   0.000143976905311    1136       296       
satisfies            0.000143928708828    2521       664       
tail                 0.000143915363512    923        211       
structural           0.000143913984249    1465       412       
app                  0.000143890427568    798        159       
items                0.000143543148045    748        139       
updates              0.00014346415132     1145       301       
labelled             0.000143262485953    914        209       
ok                   0.000143227500404    768        148       
interaction          0.000143141411545    1258       344       
rewrite              0.000143083127188    1025       255       
dependencies         0.000142930458422    965        231       
functors             0.000142670355152    622        90        
es                   0.000142493709316    1206       327       
suppose              0.000142306273616    2833       719       
benchmark            0.00014225587838     815        170       
accesses             0.000142165208427    955        229       
aa                   0.000142164102952    1510       432       
implementations      0.000142102228596    1717       493       
game                 0.000142075267116    609        86        
key                  0.000141824820795    3059       752       
computed             0.000141729973492    2191       608       
wrt                  0.00014172666174     786        159       
conference           0.000141670404293    3117       760       
sp                   0.000141669115642    873        196       
expr                 0.000141621014915    620        91        
atom                 0.000141535508068    655        105       
protocols            0.000141529364517    766        151       
distributions        0.000141498345279    499        48        
exceptions           0.000141416274576    862        192       
eval                 0.000141314539559    779        157       
fi                   0.000141164056581    1525       440       
fp                   0.00014115983615     764        151       
instances            0.000140869862349    1618       469       
conversion           0.000140371118078    991        249       
canonical            0.000140243383671    966        239       
xy                   0.000140165938898    1301       369       
machines             0.000140152754376    1173       322       
t                    0.000139953088892    63270      1255      
tokens               0.000139383596281    547        67        
reads                0.00013930097208     1074       286       
classical            0.00013924468754     1197       334       
secure               0.00013906507585     675        118       
property             0.000139036470067    5930       981       
fragment             0.000139023339391    1296       371       
arc                  0.000138994214217    794        169       
existential          0.000138976036897    875        204       
qi                   0.00013896822484     861        198       
fairness             0.000138556042184    541        66        
intermediate         0.000138358103287    1744       513       
ms                   0.000138242759821    931        230       
executed             0.000138187423491    1917       558       
software             0.000137816891236    2770       723       
address              0.000137762154724    2125       607       
program              0.000137686840614    32037      1225      
sc                   0.000137678511356    883        211       
components           0.000137622678051    2512       682       
are                  0.000137610437347    78708      1314      
conditions           0.00013758805206     3112       771       
ap                   0.000137587980157    1342       392       
cycle                0.000137549138626    910        223       
upper                0.000137348866073    1357       398       
aliases              0.000137281016071    601        91        
mi                   0.000137177298469    959        245       
summary              0.000137139240511    1420       420       
holds                0.000137094555817    3553       823       
cc                   0.000137046214211    1147       322       
cf                   0.000136948266644    1193       340       
cast                 0.000136872480458    662        117       
com                  0.000136808879798    1500       447       
laws                 0.000136768512422    715        140       
precise              0.000136750348761    2379       661       
push                 0.000136431105608    768        164       
springer             0.000136249472852    1529       458       
forward              0.000136138730645    1094       304       
bisimilarity         0.000136137768153    431        33        
instantiation        0.000135982449927    932        237       
pa                   0.00013587704732     1428       427       
rf                   0.000135871392846    624        103       
pt                   0.000135843130826    853        203       
vn                   0.000135813235766    812        185       
tools                0.000135772413598    1576       474       
lp                   0.000135643283587    750        158       
generated            0.000135468019151    2951       756       
token                0.000135391732784    555        76        
©                    0.00013537206767     671        124       
ct                   0.000135258977785    976        258       
seq                  0.000135225227145    592        91        
synchronous          0.000134667250149    635        110       
primitives           0.000134575161009    1162       336       
ss                   0.000134255941775    1222       360       
en                   0.00013406371863     1400       424       
bad                  0.000133917599341    765        169       
family               0.000133868468205    1133       327       
bytecode             0.00013375219236     538        72        
gc                   0.00013372478626     583        90        
ee                   0.000133697926642    1038       289       
loc                  0.000133522811749    680        132       
monoid               0.000133455562142    529        69        
lines                0.00013343803245     1729       526       
ri                   0.000133214184232    1100       316       
pre                  0.000133150615426    1097       315       
mode                 0.000133030031176    771        174       
pairs                0.0001329900958      2610       713       
sec                  0.000132967489519    925        243       
sa                   0.000132935634687    893        229       
imperative           0.000132907466381    1277       385       
solutions            0.000132775228724    1149       337       
nonterminal          0.000132529913117    585        93        
pass                 0.000132484897871    1295       393       
scheduling           0.000132330608945    714        150       
aliasing             0.000132201844325    764        173       
this                 0.000132198710927    72879      1315      
xl                   0.000132094028451    1113       325       
wi                   0.000132071522366    953        258       
assembly             0.000132010424645    699        144       
mechanism            0.000131845033609    1760       540       
keys                 0.00013181038739     565        86        
generator            0.000131770521257    874        224       
¥                    0.000131641567156    371        21        
transformer          0.000131595609792    609        105       
algebras             0.000131589260996    710        150       
proving              0.000131580911462    2140       631       
monads               0.000131500457051    549        80        
evaluated            0.000131308537344    1505       468       
sequent              0.000131293077249    483        55        
goto                 0.000131248391481    612        107       
init                 0.000131040036084    627        114       
weight               0.000130912530736    549        81        
theory               0.000130889800045    6030       1001      
standard             0.000130877162886    5582       981       
untyped              0.000130865918136    868        224       
checker              0.000130833377126    870        225       
critical             0.000130827624542    1037       298       
smt                  0.000130825328986    516        68        
tasks                0.000130715013475    738        165       
res                  0.000130669800074    632        117       
cs                   0.000130579134287    1125       335       
zero                 0.000130537739712    1468       459       
solver               0.000130313286984    637        120       
denote               0.000130256801499    3085       789       
low                  0.000130150526381    1034       299       
pro                  0.000130129271318    1767       548       
xx                   0.000130067101457    1231       378       
compositional        0.000129978779329    814        202       
final                0.000129977107213    2644       728       
verified             0.000129923427771    1068       314       
monadic              0.000129910433411    666        134       
petri                0.000129732000959    480        56        
union                0.00012970070932     1807       560       
circuit              0.000129660691535    463        50        
