946
677
1966
627
2162
608
1731
107
480
1341
584
273
975
1233
1849
159
2086
1039
429
1150
1808
1477
97
1442
99
355
1345
1107
2187
462
725
1879
2014
1912
998
397
1202
1681
709
60
881
1982
602
1269
1674
73
1869
987
620
844
775
859
772
2071
468
507
1362
177
473
510
505
1637
489
1100
1289
1843
1412
215
207
850
1192
549
29
1603
872
1041
1717
1259
727
1079
1294
2010
1188
1670
953
1794
1047
1398
2097
388
1101
239
1439
1621
673
1190
454
1363
1470
323
452
181
2018
7
375
781
669
1460
735
248
1273
703
2165
773
10
969
24
393
148
1396
2030
562
366
1371
1976
2152
255
1436
2170
1847
1
276
841
1434
1458
442
2255
1175
131
1006
1922
697
391
2
1901
1251
759
852
1415
328
90
948
49
1035
1485
626
1372
1422
1164
1652
1472
111
1098
218
1204
1318
121
1234
175
1812
2252
502
2138
539
491
2112
1878
751
1223
1426
530
418
162
2061
2164
2114
947
2004
1360
89
297
2240
2171
1219
869
1917
1381
1597
552
1123
1058
2013
2034
472
1677
1996
792
826
263
529
634
1599
2044
670
471
2093
900
2092
77
353
1090
2235
837
559
1712
120
752
1291
853
884
614
1344
2137
1087
1193
1929
2051
1997
1840
1217
1457
689
1117
1591
1870
149
449
1366
2077
827
1623
977
1158
770
1899
211
719
527
1215
136
887
1367
1478
681
730
9
2056
2060
769
1356
1799
1432
898
563
1625
423
173
1836
676
1724
2148
862
1313
66
789
1612
1649
963
1964
1595
1727
1673
654
1955
1013
1330
550
1660
1019
809
661
1774
1635
1008
979
420
1146
1829
2144
1009
829
2157
737
1325
1993
387
307
1888
647
1892
1382
233
870
779
376
1361
536
1633
1045
436
2025
1668
1636
1838
180
96
666
1221
1322
617
662
2028
517
1884
955
1060
1962
1850
415
1694
1421
106
282
1126
498
623
1453
1973
499
1132
1239
2168
1276
874
2041
1446
1719
1409
2082
819
1627
897
1770
2190
35
501
1153
346
399
687
988
1645
1919
1949
1628
1653
119
1725
591
1357
385
1059
359
729
581
551
596
1088
42
830
444
1242
37
2084
316
2186
1235
944
104
1471
733
208
2063
1012
1057
656
921
1277
1900
43
229
390
1423
117
1232
1282
1070
2126
1301
1083
351
1787
137
1990
695
318
886
1914
1210
1207
1706
936
1634
2052
124
645
506
1120
139
1319
155
961
1846
1196
1937
1588
599
324
528
2176
1845
1732
2012
477
2230
1824
467
1667
1708
803
938
334
1321
287
734
843
2246
1909
1173
1195
594
1795
1032
675
518
1773
1821
2098
2090
234
356
2006
818
317
888
1191
1186
360
198
746
1337
265
1911
1613
82
610
1769
1944
2095
1205
726
817
931
1066
1342
721
2197
631
1710
1865
652
720
389
1401
2066
1445
57
125
1069
922
1590
914
1155
1608
514
2047
1796
880
978
580
1768
508
667
36
2032
833
1312
512
2199
2081
1797
1327
369
1290
701
613
973
749
264
1828
753
965
1085
1977
815
707
2145
2091
1971
606
1680
2080
671
791
688
1624
2136
413
405
178
1701
224
2156
1942
984
1876
126
69
1915
776
1125
112
1835
1278
1174
1424
547
694
354
1016
1227
433
1384
1781
1226
1374
202
292
714
1450
2167
763
169
912
2139
2131
1037
404
851
1702
213
1256
1200
266
315
1947
500
1194
2020
1177
1991
1340
1889
565
1965
2122
996
1615
428
1918
1129
644
1806
1437
933
1068
76
2182
2067
2005
1695
905
1358
1320
624
1329
1354
1785
253
1655
1128
2249
615
659
1018
918
1413
2133
1587
1408
668
585
1986
519
78
164
2194
1893
992
11
583
1076
163
341
1272
68
873
2115
716
1941
1136
1998
2179
401
917
2147
1365
186
629
1211
1700
1841
261
587
118
1921
1916
2132
1152
2183
39
555
1418
127
531
466
496
757
1984
895
1206
2127
1243
2105
597
20
2140
1258
422
414
256
8
296
1255
680
1026
1310
1299
2135
447
1425
1050
758
21
47
475
1939
655
408
1999
464
416
1981
1483
476
2107
958
774
893
438
1726
2099
426
863
923
1075
889
787
183
1983
1002
692
747
372
767
333
2234
802
1469
1932
1379
715
1908
1705
1928
1011
216
171
1857
1300
222
402
1716
1896
877
693
1172
632
2193
53
836
458
2043
2123
1776
1389
1293
2254
567
312
1825
2021
557
2201
839
995
455
188
1665
95
1043
71
329
448
2106
981
1858
1696
622
304
1813
1359
51
228
1691
193
1156
607
440
686
2130
1801
1765
244
65
537
410
679
1308
1178
1025
2102
1659
144
368
1959
1853
1451
603
1338
2007
911
1810
925
1778
951
745
1956
286
1934
1851
14
0
210
2233
646
1638
1954
525
412
254
1336
1786
543
871
98
1307
250
685
332
2111
243
453
1641
1630
490
108
2248
168
427
381
854
219
1766
1127
1370
582
1373
2027
1368
858
1617
638
1324
2037
2110
2196
710
158
1352
469
4
2089
1818
1907
370
748
190
2057
1963
1063
301
17
691
535
1704
1306
1816
834
461
55
2088
403
74
339
1089
33
867
804
1807
1820
935
1805
326
982
1978
967
2198
2015
134
2245
1302
75
62
993
1771
1064
2166
1417
1692
1065
1262
361
2169
425
711
289
1672
2238
1874
1094
962
732
1793
1081
1388
845
129
1241
1711
382
1452
1003
1607
100
777
54
831
2118
1095
828
1611
217
206
778
2003
238
83
890
109
1162
1231
116
1271
1441
1428
990
102
327
348
2048
1029
1814
972
439
70
1920
1051
1121
288
2149
2078
1895
1685
1487
1592
840
1465
540
1317
1779
122
1651
1923
1238
1348
407
299
1606
2174
1950
94
398
1435
1784
1809
794
1250
648
87
561
1902
1165
431
1343
1644
1399
1355
1074
1099
835
486
1143
1073
409
212
980
45
2000
153
345
200
722
27
411
38
1970
1723
1033
592
2017
1391
909
861
795
571
342
522
2049
1676
2069
1657
146
195
2070
303
1640
352
1199
1096
306
309
338
1137
793
1429
761
1839
573
1598
855
832
406
2116
682
123
1198
1010
1464
1586
916
1698
604
1203
1969
457
1844
300
1067
295
1940
240
930
1715
1682
968
1106
1463
1610
2085
1721
2243
2104
2008
1108
899
330
957
658
1832
1001
313
1438
755
989
503
2232
1946
1943
2055
1410
619
1402
926
788
277
1228
247
1803
939
1883
13
23
790
343
1151
1005
883
257
1403
653
160
1854
2075
419
483
2108
1133
1264
1837
1346
363
85
1349
167
1044
1788
509
1703
825
2175
1974
633
952
280
2079
523
170
2173
847
344
435
290
1863
12
2053
575
822
1040
1675
2154
651
1931
199
766
365
2087
796
1466
1170
197
1160
260
1036
479
246
130
1119
723
1856
1353
147
780
1831
18
1248
902
2146
868
2129
1288
941
1443
2026
451
184
1254
1714
1109
1827
2033
1449
2119
639
1163
542
2163
564
901
174
1639
58
377
1848
281
808
2191
242
1486
2250
1287
1281
1924
1968
2076
588
156
718
553
2103
1481
235
1004
421
823
1110
731
954
1859
135
1479
337
492
1140
1303
891
1475
1253
2009
2113
1305
128
349
664
1274
1656
196
650
25
2002
800
577
50
1246
1275
384
786
272
1049
2150
101
1077
1985
885
1886
1468
1181
6
232
40
1220
1867
2024
1619
1268
1777
690
1722
443
866
999
1456
1616
949
1171
1145
1244
1331
1631
1930
133
1020
1666
105
1789
1339
616
227
1730
1042
736
1467
157
1881
928
1817
321
152
2181
204
367
364
1159
1614
663
1620
1118
554
908
814
1092
1632
1866
560
140
937
768
31
806
2046
2256
1053
1728
1473
504
894
1296
1351
1642
1249
358
702
132
2029
1887
932
1733
534
1091
970
1662
849
2094
151
15
141
187
1972
1267
32
896
579
548
1222
660
1225
1951
1654
3
1596
103
785
2045
383
738
2022
2142
943
959
705
278
2251
600
1860
1420
1988
5
1871
860
1240
2239
1958
1894
756
2054
2244
799
347
46
396
1448
865
230
88
708
618
1904
2121
1086
556
2158
203
2125
1270
1767
1709
724
308
252
1295
541
1684
285
2128
2101
593
971
728
1431
1316
672
1283
1815
1230
1309
59
2117
487
991
927
1104
1347
63
322
743
771
1054
1683
1880
1176
138
2072
1686
621
378
1658
2159
1427
1229
2109
698
782
1646
1179
1315
1626
566
1936
1882
1261
609
760
1185
2184
115
1791
1925
1201
488
1122
1601
1112
1286
572
249
2042
904
1823
1392
2058
1484
1444
643
598
470
1000
1957
1419
220
1830
589
1650
750
293
1906
964
820
1376
1015
526
574
1406
1935
1842
1084
267
93
192
34
744
237
1852
1987
1048
1265
706
1873
1114
876
1279
64
1180
636
456
494
434
113
1783
1819
511
497
1052
1609
1669
182
52
821
325
2247
48
764
807
533
1989
1875
942
1212
1589
189
612
538
16
513
2237
2074
1154
1948
1103
1995
811
1216
67
1802
524
1397
1798
1390
625
258
569
611
966
231
142
1166
1141
1690
2039
950
1689
974
371
459
2185
740
1369
1080
1213
432
2229
1480
878
1647
1454
1326
1910
1927
41
762
1328
1693
236
2153
2065
1023
1482
1926
1945
1678
665
221
684
605
940
30
842
350
1247
704
1055
1280
520
61
294
532
114
56
463
910
1135
1891
1877
310
1297
1157
1387
798
1447
1885
331
919
1729
1855
801
2073
1872
1459
1386
92
1021
2172
1364
150
251
1027
986
91
742
783
284
19
1440
2100
465
816
846
1992
1130
739
2177
1980
1260
1618
1183
81
2242
678
1161
641
657
450
907
1167
812
474
279
1189
879
1834
754
269
386
335
1648
270
1405
379
1252
314
1056
976
484
357
209
185
700
576
1138
2161
1604
824
28
784
696
1605
1602
1720
2023
515
1131
1031
1124
956
1707
1208
2019
1898
1182
460
319
165
80
864
154
1017
2016
601
1298
1078
2192
275
2178
1380
628
205
1395
2031
1224
1404
2124
374
441
590
797
380
445
485
1383
1782
741
960
1960
298
2195
245
1913
1826
1105
79
1385
683
1663
1688
340
568
268
22
1139
2035
271
1323
545
713
262
915
395
920
1868
2064
1979
1292
983
1333
394
1393
1804
2001
1028
913
558
649
430
1116
1030
2180
1285
2241
1237
892
1687
1134
225
1664
1377
810
1149
1411
1890
2038
2068
291
945
1594
1800
1775
2050
226
1938
2036
544
1218
1905
1433
712
1197
1007
1593
1713
2062
521
2236
1335
813
586
2143
805
1833
934
302
838
400
1263
2160
2231
1284
176
1394
1474
903
274
417
1169
1430
1679
1416
110
283
1209
1314
717
1245
578
44
1961
1822
478
1476
172
437
1462
373
84
1072
223
1168
857
446
2059
848
985
481
495
482
1780
1407
1903
2253
194
1375
1967
765
2200
1811
1378
2096
1718
143
1034
214
642
1671
1461
1772
1214
637
1661
1994
929
362
1897
1148
1414
1697
1622
2134
570
2155
1334
259
1024
1014
72
26
1400
1952
1953
1455
1082
1350
86
595
546
1332
1062
699
906
1097
1147
1861
1304
1311
1093
994
191
392
1142
2189
1038
311
305
882
1102
1113
635
1184
2188
1699
1975
1111
1187
924
320
1933
1257
2040
2083
997
1643
145
179
1792
2011
166
630
1600
1266
856
1629
241
424
640
1862
2120
1061
201
2141
161
336
1115
2151
875
493
516
1022
1790
1864
674
1071
1046
1236
1144