the                  0.00154724946741     665038     1316      
·                    0.00141126820744     21261      626       
type                 0.00114714057103     52639      1050      
of                   0.000888842864663    382042     1316      
a                    0.000813180872522    349521     1316      
node                 0.000808554060708    10199      539       
heap                 0.000720611968981    5333       282       
q                    0.000662458522202    24982      994       
types                0.000645373901652    22687      972       
u                    0.000625713144725    25317      1015      
thread               0.000612101966636    3434       171       
and                  0.000607645760694    261178     1316      
graph                0.000606298777876    8447       588       
in                   0.000589884942739    233775     1313      
×                    0.000586070647676    5181       364       
µ                    0.000576652332457    2529       96        
memory               0.000559840920955    7119       543       
­                    0.000557399002748    13688      843       
object               0.000537716002475    8084       625       
figure               0.000536533512098    17690      951       
int                  0.000535694314529    6951       553       
is                   0.000534859394218    229893     1316      
to                   0.000531262535578    228347     1316      
flow                 0.000525368827772    7056       570       
algorithm            0.000524105888384    14899      899       
nodes                0.000522718855833    6728       549       
x                    0.000516984356718    68710      1239      
typing               0.00051674809447     5847       485       
we                   0.000510540148429    120198     1287      
trace                0.000508441586496    3420       241       
loop                 0.000499390567883    6831       579       
tree                 0.000495102828278    7157       606       
§                    0.00048706292019     2211       105       
attribute            0.00048411550727     2492       142       
edge                 0.00048338837404     3799       309       
stack                0.000471108762183    4646       417       
path                 0.00046790004541     6246       567       
security             0.000463365384836    2651       178       
code                 0.000463239008414    13611      911       
formula              0.000459957188376    3990       355       
module               0.000455360676363    3189       258       
transition           0.000444544592917    4313       409       
pages                0.000444239094774    8686       747       
array                0.000440524829614    4274       409       
logic                0.000438051730866    9707       801       
v                    0.000436331332602    38146      1184      
analysis             0.000434787348708    16835      1002      
edges                0.000433990255151    3616       336       
rule                 0.000431311437788    11902      888       
e                    0.000419964743891    75025      1267      
lemma                0.000419897823817    7546       709       
term                 0.000418997507947    7957       734       
procedure            0.000415371926059    7481       710       
objects              0.000411678119779    6306       634       
subtyping            0.000411361950244    2767       241       
calculus             0.000410622137201    5756       591       
£                    0.000406231938301    1480       56        
t                    0.000406069074875    63270      1255      
processes            0.000405879415709    3954       411       
store                0.000394253172149    4497       489       
lock                 0.000389853639561    1796       109       
def                  0.000389827048599    2977       296       
channel              0.000389085562804    1812       112       
o                    0.000388291308057    16153      1023      
p                    0.000385360103179    63431      1260      
field                0.000379985181455    3755       418       
pointer              0.000379301067528    3650       405       
pattern              0.000374671954889    3748       424       
string               0.000373116628615    3368       374       
constraint           0.000370185454208    3967       458       
h                    0.000365856444395    22123      1116      
state                0.000365657921946    14018      999       
¯                    0.000364358345567    1192       39        
rules                0.000363208811899    12380      962       
¨                    0.000362814808772    1044       24        
probability          0.00036194810786     1524       86        
automaton            0.000360875777104    1846       140       
threads              0.000359083811274    2043       176       
verification         0.000359069330383    4603       547       
inference            0.00035654269866     4543       544       
constraints          0.000356326869294    5067       598       
concurrent           0.000355339189519    3268       383       
semantics            0.0003552056948      16423      1052      
reduction            0.000354897996301    5802       665       
list                 0.000352067501431    7477       783       
that                 0.000347866099149    141543     1314      
fields               0.000347115244799    2734       310       
w                    0.000347042269507    24482      1147      
message              0.000346989082714    2334       241       
¡                    0.000345924795379    985        23        
for                  0.000342697913546    143263     1315      
atomic               0.00034232265163     3181       388       
query                0.000341030019476    1897       168       
predicate            0.000337465646352    4370       552       
val                  0.000330563965994    2661       320       
¤                    0.000329446986574    849        15        
proof                0.000329103512861    14877      1046      
input                0.000328826876599    7252       799       
z                    0.000328282467064    16410      1072      
expression           0.000325885623076    9960       925       
predicates           0.000325884200923    3022       387       
evaluation           0.000325385698843    6674       768       
region               0.000325216744817    1840       174       
error                0.000323785016062    3671       486       
instruction          0.00032332127077     2259       257       
dependence           0.000323210173351    1926       193       
register             0.000321665932922    1876       185       
method               0.000320735380352    7956       847       
compiler             0.000320565846664    5263       667       
abstraction          0.000319125402094    6325       753       
y                    0.000319119752127    27205      1180      
location             0.000318899775478    3459       464       
paths                0.000318343132339    3204       427       
table                0.000318262184417    4113       551       
bisimulation         0.000317285233957    1375       93        
vertex               0.000314977704983    1365       93        
probabilistic        0.00031428544629     1362       93        
execution            0.000313670699503    7154       813       
separation           0.000313435881071    2149       249       
states               0.000312179873061    6661       785       
environment          0.000311814212088    5044       660       
id                   0.000311411241772    3192       436       
parallel             0.000308560446074    4195       576       
specification        0.000308190074964    5103       671       
data                 0.000308006571101    17321      1100      
equivalence          0.000307701990987    4733       636       
assertions           0.000307682830148    2236       274       
polymorphic          0.000305004200781    2607       348       
attributes           0.000303401242555    1493       128       
ml                   0.000301107275117    3987       563       
nil                  0.000300860754185    2107       258       
¢                    0.000300544903378    1200       74        
modules              0.000300528350607    1973       231       
s                    0.000300214444496    61020      1277      
dynamic              0.000299546338811    5013       676       
signature            0.000297568332699    1944       229       
class                0.000296668369355    7267       842       
grammar              0.000296606860712    2802       396       
refinement           0.000296072934201    2256       295       
linear               0.000294813044479    4650       648       
static               0.000294735483501    5724       744       
block                0.000294565775165    2777       395       
action               0.00029329096318     2620       369       
policy               0.000292410908233    1415       123       
typed                0.000292026004524    3736       546       
formulas             0.000291884162031    1987       246       
translation          0.000290366565551    3518       519       
transitions          0.000289723952324    2149       283       
model                0.000289363361308    10771      990       
output               0.000288552314628    4457       638       
machine              0.000288002903681    4215       612       
lambda               0.00028672754206     2845       420       
fig                  0.000286559901472    1909       237       
invariant            0.00028557761528     2975       444       
pc                   0.000284201881602    1653       184       
actions              0.000283952100255    2266       316       
statement            0.000281007368247    4867       692       
alias                0.000280036551255    1446       143       
domain               0.000277203735666    5206       729       
expressions          0.000277191915848    7588       885       
java                 0.000276518471792    2107       295       
checking             0.000275993956434    4609       675       
proc                 0.000275561418941    3777       580       
locations            0.000275012356934    2598       396       
exp                  0.00027412926721     1490       160       
resource             0.00027409163184     1642       195       
pp                   0.000273927371421    3400       531       
pi                   0.000273645794329    3424       535       
cell                 0.000273423929935    1638       195       
process              0.00027295179906     7593       891       
program              0.000272435660639    32037      1225      
label                0.000271535488444    2823       443       
m                    0.000271219765309    42716      1256      
unification          0.000268963922197    1526       175       
local                0.000268343255384    5504       768       
cache                0.000266381252358    1245       113       
transformation       0.000265585225191    3270       527       
substitution         0.000265309583342    2960       478       
concrete             0.000264945853063    2950       477       
theorem              0.000264538183925    10416      1007      
patterns             0.000264370181505    2055       304       
reachability         0.000264232434368    1432       159       
assertion            0.000263796061701    2037       301       
variables            0.000263415747014    16869      1128      
queue                0.00026339525298     1309       131       
env                  0.000262365008241    1248       118       
r                    0.000262145973279    43641      1261      
client               0.000261500862647    1388       152       
proposition          0.000260758501105    2243       351       
monad                0.000260367727968    1054       77        
javascript           0.00025951362029     849        39        
shape                0.000259405051273    1787       251       
c                    0.000258892384046    56489      1282      
higherorder          0.000257655554183    2695       446       
optimization         0.000257612532442    3059       509       
frame                0.000257493171971    1563       200       
function             0.00025736031471     21940      1180      
grammars             0.000256716324624    1428       168       
n                    0.000256628896379    41771      1259      
name                 0.000256346214472    4627       711       
