the                  0.00154724946741     665038     1316      
·                    0.00141126820744     21261      626       
type                 0.00114714057103     52639      1050      
of                   0.000888842864663    382042     1316      
a                    0.000813180872522    349521     1316      
node                 0.000808554060708    10199      539       
heap                 0.000720611968981    5333       282       
q                    0.000662458522202    24982      994       
types                0.000645373901652    22687      972       
u                    0.000625713144725    25317      1015      
thread               0.000612101966636    3434       171       
and                  0.000607645760694    261178     1316      
graph                0.000606298777876    8447       588       
in                   0.000589884942739    233775     1313      
×                    0.000586070647676    5181       364       
µ                    0.000576652332457    2529       96        
memory               0.000559840920955    7119       543       
­                    0.000557399002748    13688      843       
object               0.000537716002475    8084       625       
figure               0.000536533512098    17690      951       
int                  0.000535694314529    6951       553       
is                   0.000534859394218    229893     1316      
to                   0.000531262535578    228347     1316      
flow                 0.000525368827772    7056       570       
algorithm            0.000524105888384    14899      899       
nodes                0.000522718855833    6728       549       
x                    0.000516984356718    68710      1239      
typing               0.00051674809447     5847       485       
we                   0.000510540148429    120198     1287      
trace                0.000508441586496    3420       241       
loop                 0.000499390567883    6831       579       
tree                 0.000495102828278    7157       606       
§                    0.00048706292019     2211       105       
attribute            0.00048411550727     2492       142       
edge                 0.00048338837404     3799       309       
stack                0.000471108762183    4646       417       
path                 0.00046790004541     6246       567       
security             0.000463365384836    2651       178       
code                 0.000463239008414    13611      911       
formula              0.000459957188376    3990       355       
module               0.000455360676363    3189       258       
transition           0.000444544592917    4313       409       
pages                0.000444239094774    8686       747       
array                0.000440524829614    4274       409       
logic                0.000438051730866    9707       801       
v                    0.000436331332602    38146      1184      
analysis             0.000434787348708    16835      1002      
edges                0.000433990255151    3616       336       
rule                 0.000431311437788    11902      888       
e                    0.000419964743891    75025      1267      
lemma                0.000419897823817    7546       709       
term                 0.000418997507947    7957       734       
procedure            0.000415371926059    7481       710       
objects              0.000411678119779    6306       634       
subtyping            0.000411361950244    2767       241       
calculus             0.000410622137201    5756       591       
£                    0.000406231938301    1480       56        
t                    0.000406069074875    63270      1255      
processes            0.000405879415709    3954       411       
store                0.000394253172149    4497       489       
lock                 0.000389853639561    1796       109       
def                  0.000389827048599    2977       296       
channel              0.000389085562804    1812       112       
o                    0.000388291308057    16153      1023      
p                    0.000385360103179    63431      1260      
field                0.000379985181455    3755       418       
pointer              0.000379301067528    3650       405       
pattern              0.000374671954889    3748       424       
string               0.000373116628615    3368       374       
constraint           0.000370185454208    3967       458       
h                    0.000365856444395    22123      1116      
state                0.000365657921946    14018      999       
¯                    0.000364358345567    1192       39        
rules                0.000363208811899    12380      962       
¨                    0.000362814808772    1044       24        
probability          0.00036194810786     1524       86        
automaton            0.000360875777104    1846       140       
threads              0.000359083811274    2043       176       
verification         0.000359069330383    4603       547       
inference            0.00035654269866     4543       544       
constraints          0.000356326869294    5067       598       
concurrent           0.000355339189519    3268       383       
semantics            0.0003552056948      16423      1052      
reduction            0.000354897996301    5802       665       
list                 0.000352067501431    7477       783       
that                 0.000347866099149    141543     1314      
fields               0.000347115244799    2734       310       
w                    0.000347042269507    24482      1147      
message              0.000346989082714    2334       241       
¡                    0.000345924795379    985        23        
for                  0.000342697913546    143263     1315      
atomic               0.00034232265163     3181       388       
query                0.000341030019476    1897       168       
predicate            0.000337465646352    4370       552       
val                  0.000330563965994    2661       320       
¤                    0.000329446986574    849        15        
proof                0.000329103512861    14877      1046      
input                0.000328826876599    7252       799       
z                    0.000328282467064    16410      1072      
expression           0.000325885623076    9960       925       
predicates           0.000325884200923    3022       387       
evaluation           0.000325385698843    6674       768       
region               0.000325216744817    1840       174       
error                0.000323785016062    3671       486       
instruction          0.00032332127077     2259       257       
dependence           0.000323210173351    1926       193       
register             0.000321665932922    1876       185       
method               0.000320735380352    7956       847       
compiler             0.000320565846664    5263       667       
abstraction          0.000319125402094    6325       753       
y                    0.000319119752127    27205      1180      
location             0.000318899775478    3459       464       
paths                0.000318343132339    3204       427       
table                0.000318262184417    4113       551       
bisimulation         0.000317285233957    1375       93        
vertex               0.000314977704983    1365       93        
probabilistic        0.00031428544629     1362       93        
execution            0.000313670699503    7154       813       
separation           0.000313435881071    2149       249       
states               0.000312179873061    6661       785       
environment          0.000311814212088    5044       660       
id                   0.000311411241772    3192       436       
parallel             0.000308560446074    4195       576       
specification        0.000308190074964    5103       671       
data                 0.000308006571101    17321      1100      
equivalence          0.000307701990987    4733       636       
assertions           0.000307682830148    2236       274       
polymorphic          0.000305004200781    2607       348       
attributes           0.000303401242555    1493       128       
ml                   0.000301107275117    3987       563       
nil                  0.000300860754185    2107       258       
¢                    0.000300544903378    1200       74        
modules              0.000300528350607    1973       231       
s                    0.000300214444496    61020      1277      
dynamic              0.000299546338811    5013       676       
signature            0.000297568332699    1944       229       
class                0.000296668369355    7267       842       
grammar              0.000296606860712    2802       396       
refinement           0.000296072934201    2256       295       
linear               0.000294813044479    4650       648       
static               0.000294735483501    5724       744       
block                0.000294565775165    2777       395       
action               0.00029329096318     2620       369       
policy               0.000292410908233    1415       123       
typed                0.000292026004524    3736       546       
formulas             0.000291884162031    1987       246       
translation          0.000290366565551    3518       519       
transitions          0.000289723952324    2149       283       
model                0.000289363361308    10771      990       
output               0.000288552314628    4457       638       
machine              0.000288002903681    4215       612       
lambda               0.00028672754206     2845       420       
fig                  0.000286559901472    1909       237       
invariant            0.00028557761528     2975       444       
pc                   0.000284201881602    1653       184       
actions              0.000283952100255    2266       316       
statement            0.000281007368247    4867       692       
alias                0.000280036551255    1446       143       
domain               0.000277203735666    5206       729       
expressions          0.000277191915848    7588       885       
java                 0.000276518471792    2107       295       
checking             0.000275993956434    4609       675       
proc                 0.000275561418941    3777       580       
locations            0.000275012356934    2598       396       
exp                  0.00027412926721     1490       160       
resource             0.00027409163184     1642       195       
pp                   0.000273927371421    3400       531       
pi                   0.000273645794329    3424       535       
cell                 0.000273423929935    1638       195       
process              0.00027295179906     7593       891       
program              0.000272435660639    32037      1225      
label                0.000271535488444    2823       443       
m                    0.000271219765309    42716      1256      
unification          0.000268963922197    1526       175       
local                0.000268343255384    5504       768       
cache                0.000266381252358    1245       113       
transformation       0.000265585225191    3270       527       
substitution         0.000265309583342    2960       478       
concrete             0.000264945853063    2950       477       
theorem              0.000264538183925    10416      1007      
patterns             0.000264370181505    2055       304       
reachability         0.000264232434368    1432       159       
assertion            0.000263796061701    2037       301       
variables            0.000263415747014    16869      1128      
queue                0.00026339525298     1309       131       
env                  0.000262365008241    1248       118       
r                    0.000262145973279    43641      1261      
client               0.000261500862647    1388       152       
proposition          0.000260758501105    2243       351       
monad                0.000260367727968    1054       77        
javascript           0.00025951362029     849        39        
shape                0.000259405051273    1787       251       
c                    0.000258892384046    56489      1282      
higherorder          0.000257655554183    2695       446       
optimization         0.000257612532442    3059       509       
frame                0.000257493171971    1563       200       
function             0.00025736031471     21940      1180      
grammars             0.000256716324624    1428       168       
n                    0.000256628896379    41771      1259      
name                 0.000256346214472    4627       711       
cost                 0.00025621238037     3018       505       
names                0.00025603842716     3686       604       
i                    0.000255168174868    54871      1281      
functor              0.000255041327559    1192       113       
bool                 0.000254906596623    1844       272       
symbolic             0.000254505359406    2614       437       
let                  0.000254243831976    19698      1164      
return               0.000254155775857    5213       768       
update               0.000254025471485    2588       433       
var                  0.000253651433983    2127       339       
equations            0.000253214132626    2741       463       
continuation         0.000251885185797    1485       189       
graphs               0.000251672450198    2329       386       
iff                  0.000251639987509    3791       626       
interface            0.000251622572599    2101       337       
reasoning            0.000250554778371    3822       632       
null                 0.000250195004588    1962       308       
our                  0.00024953497599     29344      1225      
functions            0.000249234305916    10860      1036      
size                 0.000248730931628    4941       754       
global               0.000248541602093    4012       659       
relation             0.000248483628526    8144       949       
recursive            0.000248343188696    5141       772       
traces               0.000248342179801    1409       175       
transformations      0.000248115772285    2611       449       
specifications       0.000247159780687    2708       469       
invariants           0.000246989921173    1882       295       
control              0.000246718639232    6151       849       
instructions         0.000246059513009    1780       272       
allocation           0.000246002681195    1976       319       
xs                   0.000245805858638    1594       226       
command              0.000245446254159    1525       209       
pointers             0.000245303187719    2164       363       
be                   0.000245144393494    84007      1307      
relational           0.000245008395262    1652       242       
axioms               0.000244544670996    1880       299       
access               0.000243921863141    3490       601       
statements           0.000243808278395    3248       566       
clause               0.000243687472161    1828       288       
k                    0.000243429160769    22876      1195      
automata             0.00024282847061     1976       325       
semantic             0.000242739877525    3960       664       
safety               0.000242075156768    2167       370       
runtime              0.000240427378011    3391       594       
operational          0.000240087997682    2968       529       
record               0.000239793154876    3201       567       
finite               0.00023952761879     6079       856       
unit                 0.000239516782929    2272       398       
communication        0.000239500303878    2189       380       
locks                0.000239430172234    991        82        
fun                  0.000239389207516    1362       176       
temporal             0.000238861918513    1359       176       
nat                  0.000237696820895    1103       111       
entry                0.000237302939425    2251       398       
map                  0.000237279289814    3388       600       
functional           0.000236829261593    4914       773       
trees                0.000236778003255    2647       479       
constructor          0.000236645395665    2092       364       
context              0.000236382576554    7611       943       
channels             0.000235609986086    1144       124       
source               0.000235094185028    3811       661       
f                    0.000235015639165    40035      1263      
derivation           0.000234729150283    2406       436       
subtype              0.000234290706038    1266       158       
soundness            0.000234214635361    2770       507       
algebra              0.000234107811562    1713       277       
sequential           0.000233110078195    2468       452       
regular              0.000232740462262    1898       326       
ref                  0.000232728687822    1239       153       
cps                  0.000232206512609    940        77        
interpretation       0.00023202225726     3850       672       
network              0.000231972331504    1482       220       
operations           0.000231865767366    7251       933       
interprocedural      0.000231543522033    1299       171       
read                 0.000231359219363    3400       614       
system               0.000230948917773    17590      1161      
l                    0.000230871023163    30684      1239      
vertices             0.000230649791198    1078       113       
variable             0.000230294009618    11844      1079      
value                0.000229606865291    16371      1149      
configuration        0.000229318166292    1576       250       
parameters           0.000229069806547    3027       562       
assignment           0.000228767919106    3796       672       
induction            0.000228523694309    4001       697       
effects              0.000227245516142    2353       441       
queries              0.000227073219833    1227       158       
optimizations        0.000226013263648    1726       296       
closed               0.000224563952211    3078       580       
quantum              0.000224287818893    578        15        
synchronization      0.00022428718085     1365       201       
lens                 0.000223764357315    529        10        
protocol             0.000223718918743    1216       160       
closure              0.000223658588252    2908       554       
interval             0.000223119208899    1170       148       
procedures           0.000222997928644    2503       481       
relations            0.000222898200489    3358       626       
termination          0.000222181036789    2282       437       
analyses             0.000221583045902    1870       342       
site                 0.00022128878506     1252       174       
events               0.000221285618401    1259       176       
contract             0.000220423272903    1310       192       
dag                  0.000220308928464    970        97        
logical              0.000220271726309    2801       543       
b                    0.000220242970933    38411      1265      
calls                0.000219583115394    3500       653       
exit                 0.000219268785666    1532       257       
reference            0.000218634462298    3213       614       
filter               0.000218517295002    1014       111       
symbols              0.000218252845312    1966       373       
contexts             0.000217588226425    2384       469       
messages             0.000217510715052    1272       186       
contracts            0.000217159176303    813        61        
false                0.000216869562338    3486       657       
reachable            0.000216630782686    1636       291       
dependent            0.000216154160119    1939       371       
binding              0.000215596774456    1934       371       
coercion             0.000215318115852    1049       125       
scheme               0.000214803842455    2613       521       
et                   0.00021473324372     4691       795       
pointsto             0.00021443861718     872        78        
el                   0.000214397121076    2238       445       
by                   0.000214190107852    78732      1310      
event                0.000214110043856    1191       168       
safe                 0.000213894201268    2188       435       
optimal              0.000213596559936    1461       248       
labels               0.000213405011664    2041       402       
g                    0.000213086861139    23315      1216      
policies             0.000212966895419    934        96        
phase                0.000212813767273    1702       317       
proceedings          0.000212590596511    3596       681       
composition          0.000212122776493    2444       494       
dataflow             0.000211908674914    1320       210       
garbage              0.000211814318077    1279       198       
vector               0.000211694687746    1549       277       
algorithms           0.000211472588493    4288       763       
models               0.000211238957009    3367       653       
shared               0.000210918416324    2297       466       
partial              0.000210435103646    5078       836       
operation            0.000210124112667    5160       843       
ownership            0.000210065751874    811        67        
session              0.000209977995135    765        56        
call                 0.000208873333537    8907       1030      
compilation          0.000208699261455    2075       421       
instance             0.000208509681546    5082       840       
parameter            0.000207560078189    2799       572       
performance          0.000207381949325    2130       437       
bounds               0.000206838123489    1753       344       
space                0.000206776267577    4043       747       
inductive            0.000206508353662    1915       387       
symbol               0.000205994137346    2289       476       
solution             0.000205536519407    3583       695       
else                 0.000205084649975    4900       832       
axiom                0.000204910170777    1375       240       
registers            0.000204645881933    1060       144       
equational           0.000204278627671    1159       175       
iteration            0.00020389863654     1883       385       
base                 0.00020381779571     2634       551       
target               0.000203354018835    2188       460       
equation             0.000202266879023    1822       373       
join                 0.000202126300774    1340       235       
polymorphism         0.000202045221044    1574       305       
random               0.00020188169249     1078       154       
collector            0.000201575015201    816        77        
as                   0.000201572446416    74094      1310      
transaction          0.000201494400115    797        72        
haskell              0.000201436810009    1178       186       
distribution         0.000201064314971    1064       151       
cons                 0.000200589539098    1304       227       
propagation          0.000200538888276    1411       260       
coq                  0.000200287941605    899        102       
generic              0.000200159200201    1700       345       
polynomial           0.000200028946169    1246       210       
domains              0.000199623301349    2088       446       
integer              0.000199603110615    3298       670       
completeness         0.000199519907404    1801       374       
methods              0.000199289024851    3932       751       
equality             0.000198909702008    2454       528       
branch               0.000198749484641    1866       393       
index                0.000198714349138    1924       408       
matching             0.000198632786685    1939       412       
si                   0.000198606181605    1819       381       
values               0.000198349328485    11994      1116      
cfg                  0.000198192666661    718        55        
classes              0.000197977766001    2747       586       
boolean              0.000197922139577    2432       526       
an                   0.000197922114975    66325      1306      
redex                0.000197920546048    885        101       
root                 0.000197919600138    1794       376       
handler              0.000197640577949    736        60        
true                 0.000197569856309    7475       995       
line                 0.000197393486589    2455       532       
lattice              0.000196345092398    1343       248       
commands             0.000196052570472    1103       172       
representation       0.000196006516281    4124       779       
if                   0.000195841260815    53703      1296      
category             0.000195757860661    1235       215       
´                    0.000195653448726    667        45        
sequence             0.000195573373438    5860       918       
correctness          0.000194961756274    4219       791       
elements             0.000194689893141    4769       842       
blame                0.000194674369822    593        30        
valid                0.000194365840664    2910       623       
library              0.000194207763669    1533       311       
production           0.000194107550322    1169       197       
history              0.000193812953513    1158       194       
annotations          0.000193631485173    1482       297       
head                 0.000193590589417    1462       291       
are                  0.000193438353941    78708      1314      
element              0.000193284977994    4419       814       
exception            0.000193268067059    1499       303       
cells                0.000192955559115    1159       196       
operator             0.000192621953509    3658       734       
user                 0.000192550041065    2259       503       
implementation       0.000192536863704    7581       1007      
loops                0.000192297554077    1798       391       
asynchronous         0.000192156132076    1023       153       
constructors         0.000191261933226    1580       332       
bound                0.00019114269217     4601       835       
match                0.000191051401037    2035       455       
world                0.000190937283192    1356       264       
parsing              0.000190832508949    1019       154       
free                 0.000190399809726    5010       870       
infinite             0.000190311341366    2879       628       
recursion            0.000190108657523    2121       478       
sharing              0.000189062530622    1431       292       
principal            0.000188779077829    1197       217       
end                  0.000188432425185    6103       945       
operators            0.000187980219305    2479       561       
complexity           0.000187974446189    2826       625       
body                 0.000187875013992    3052       662       
file                 0.000187670699222    1175       212       
strings              0.000187235342774    1299       254       
cl                   0.000186815273593    1911       435       
sound                0.000185389240936    2278       526       
coercions            0.000185347896367    800        92        
prefix               0.000184554222883    1400       293       
structures           0.000184302935816    4630       852       
ti                   0.000184296417083    1870       431       
clauses              0.000184063267718    1256       247       
algebraic            0.000183604733924    1520       333       
affine               0.000183603324616    691        62        
tl                   0.000183371024119    1584       353       
bounded              0.000183079889087    1769       407       
test                 0.000182944342811    2739       623       
sets                 0.00018262883804     6420       972       
errors               0.000182545852158    1607       362       
labeled              0.000182488623102    1514       334       
normal               0.000182472859321    2073       487       
allocated            0.000182416305667    1350       282       
inheritance          0.000182129807876    914        134       
prove                0.000182100770216    5441       917       
consistent           0.000182076157463    2007       472       
hence                0.000181967638817    4402       837       
pure                 0.000181762980258    1696       390       
arrays               0.000181717502862    1397       299       
parser               0.000181655417092    885        125       
al                   0.000181465944573    6092       957       
send                 0.000181057509676    987        161       
proofs               0.000180899781566    3474       739       
continuous           0.000180083416011    1036       180       
ai                   0.000179954244903    2124       506       
syntax               0.000179938594964    4154       818       
lenses               0.00017976947766     449        13        
condition            0.000179457872607    4153       819       
©£                   0.000179194830708    319        2         
matrix               0.000179118158354    945        150       
inputs               0.000178941516539    1549       354       
contextual           0.000178286299898    757        88        
resources            0.000178087514581    1115       212       
precondition         0.000178080295801    1064       194       
dom                  0.000177970675385    1137       220       
arithmetic           0.000177956363013    1695       400       
hoare                0.000177592175282    1235       255       
synthesis            0.000177219907914    1087       204       
effect               0.000177122598843    3608       765       
blocks               0.00017706458873     1469       334       
with                 0.000177056197049    66695      1311      
abstractions         0.000176887908704    1748       418       
constant             0.000176744454498    3527       756       
xi                   0.000176647608978    1893       458       
st                   0.000176626843735    2548       605       
write                0.000176544037791    6245       974       
initial              0.000176493285198    3911       801       
regions              0.000176288010941    961        161       
judgment             0.000176223317827    1011       179       
consistency          0.000176136711986    1222       254       
argument             0.000176124515827    4783       882       
server               0.0001760178686      802        106       
behavior             0.000175797557604    2632       623       
xml                  0.000175777692111    665        63        
eq                   0.000175772526387    1053       195       
configurations       0.000175746228568    1064       199       
tag                  0.00017560051664     974        167       
run                  0.00017545188754     2750       645       
total                0.000175433948933    2536       606       
collection           0.000175387492191    2285       555       
declaration          0.000174828950166    1288       280       
search               0.000174822723911    1672       402       
macro                0.000174775080338    739        87        
ret                  0.000174357694201    838        121       
this                 0.000174333088385    72879      1315      
wellformed           0.000174210901556    1169       240       
computations         0.000174185581474    2162       531       
congruence           0.000174016007475    1048       197       
firstorder           0.000173951517751    1437       332       
computation          0.000173774387471    7007       1014      
step                 0.000173723884106    5386       930       
real                 0.00017347181125     2197       541       
self                 0.000173343107769    853        128       
distance             0.000173295425965    751        93        
log                  0.000173265342652    1016       187       
strictness           0.000172699143049    721        84        
framework            0.000172649908487    3353       744       
product              0.000172496785009    1677       410       
records              0.000172462323542    1531       366       
interpreter          0.00017225863338     1095       218       
ab                   0.000172013501134    1966       490       
vi                   0.000171893459016    1872       466       
noninterference      0.000171657168783    666        68        
environments         0.000171615773167    1689       416       
level                0.000171486129452    4047       827       
support              0.000171426121888    2875       677       
continuations        0.000171323989752    953        168       
generation           0.000171181964725    1906       477       
storage              0.000170784114451    1284       289       
behaviour            0.000170757292541    1004       188       
ci                   0.000170741316538    1444       343       
nominal              0.000170590256512    570        42        
elimination          0.000170571481839    1559       380       
executions           0.000170521198746    1147       241       
private              0.000170518054126    1008       190       
programs             0.000170374495734    16120      1196      
check                0.000170280027327    3398       756       
encoding             0.000169837123728    1397       330       
ls                   0.000169814210783    1020       196       
parse                0.000169573322904    801        116       
precision            0.000169513578703    1132       238       
time                 0.000169433625029    11122      1133      
objectoriented       0.000169390681535    1231       274       
lncs                 0.00016931736352     1626       404       
ambient              0.000169239512127    520        31        
core                 0.000169206727333    1703       427       
simulation           0.000168325787869    1070       218       
live                 0.000168267843031    936        168       
hypothesis           0.000168185687003    1515       373       
heaps                0.000168090226925    780        111       
benchmarks           0.000167544029613    908        159       
public               0.000167391207319    799        119       
prolog               0.000167190392721    692        82        
set                  0.000167146062905    28146      1262      
points               0.000167004070951    2905       694       
primitive            0.000166864420117    2232       568       
sum                  0.000166781821218    1713       437       
volume               0.000166629616108    1822       468       
rank                 0.000166525396327    710        89        
programmer           0.000166395001103    1921       495       
lazy                 0.000166307340141    1228       281       
agent                0.000166237469587    563        44        
fresh                0.000166035172092    1527       383       
strong               0.000165979541232    1963       507       
arguments            0.000165778549888    3416       770       
declarations         0.000165776506607    1300       308       
incremental          0.000165747846488    1014       203       
race                 0.000165738631467    680        80        
counter              0.000165618251052    1074       226       
buffer               0.000165284862064    778        115       
ii                   0.000165141965412    4025       840       
length               0.000164938729038    2516       632       
struct               0.000164894856836    912        166       
ei                   0.000164706114334    1390       342       
ssa                  0.000164541752663    546        41        
bindings             0.000164410764549    1053       221       
property             0.00016397827182     5930       981       
kind                 0.000163966026694    2846       693       
decidable            0.000163959888541    1241       292       
conditional          0.00016381551144     1813       474       
ts                   0.000163798414301    1204       279       
weak                 0.000163763377308    1324       322       
identifier           0.00016372996528     1179       270       
syntactic            0.000163473158497    2801       687       
tion                 0.000163460013405    2825       691       
bit                  0.000163454160043    1448       365       
dominator            0.00016340220169     475        25        
denotational         0.00016292328752     1184       274       
compute              0.000162851199589    2668       666       
assignments          0.000162656730118    1450       368       
cp                   0.000162367051393    983        199       
expansion            0.000162083366326    953        188       
welltyped            0.000161977224587    1153       265       
open                 0.000161940565106    1825       483       
template             0.000161834540092    690        89        
returns              0.000161667841773    2899       708       
ir                   0.000161583860914    968        195       
clock                0.000161572612542    582        54        
sort                 0.000161534237576    1428       364       
component            0.00016146738816     2315       602       
terms                0.000161444652606    9717       1115      
projection           0.000161220273345    1137       261       
concurrency          0.000160959803411    1265       309       
stream               0.000160371567145    810        136       
fixpoint             0.000160371505419    1022       219       
tool                 0.000160348910798    1829       489       
learning             0.000160295211434    703        96        
it                   0.00016027669542     52547      1305      
approximation        0.000160218117033    1384       353       
§¥                   0.000160142787744    304        3         
productions          0.000159996292032    729        106       
xe                   0.000159930106941    882        165       
subtree              0.000159855462491    828        144       
xn                   0.000159727449379    1283       319       
database             0.000159722668353    835        147       
reductions           0.000159374579617    1145       269       
sat                  0.000159362716736    779        126       
section              0.000159113428293    15476      1200      
sites                0.000159112925945    842        151       
side                 0.000159070183025    2840       706       
sequences            0.000159046111594    1881       507       
internal             0.000158640922599    1636       439       
fn                   0.000158466864098    1102       255       
¦                    0.000158445437242    382        11        
net                  0.000158304765401    797        135       
substitutions        0.000158179265434    1100       255       
interference         0.000158101006815    731        110       
strict               0.000157775513277    1295       329       
bi                   0.000157747867437    1097       255       
op                   0.000157691028248    1345       347       
tt                   0.000157616464644    1333       343       
cousot               0.00015727913067     802        139       
checks               0.000157255526795    1625       440       
layout               0.000157037419952    664        87        
te                   0.000156806073666    917        186       
definition           0.000156349250335    14793      1196      
theory               0.000156252205537    6030       1001      
permissions          0.000156238665414    779        132       
structure            0.000156206970069    7594       1065      
fusion               0.000156086207096    539        47        
virtual              0.000156013281585    900        181       
intersection         0.000155961528426    1136       275       
ordering             0.000155779066148    1745       480       
identifiers          0.000155747710334    1216       306       
load                 0.000155123981712    801        143       
fix                  0.000155035144173    1417       380       
writes               0.000154961274082    990        220       
void                 0.000154875843868    827        154       
nested               0.000154861452703    1472       399       
conference           0.000154780622853    3117       760       
key                  0.000154691089186    3059       752       
resp                 0.000154654702019    875        174       
deterministic        0.000154642725844    1319       347       
satisfies            0.000154532129101    2521       664       
standard             0.000154355263625    5582       981       
suppose              0.000154221977556    2833       719       
constants            0.000154130953537    1845       513       
privacy              0.000153872867512    597        68        
ax                   0.000153647944792    1253       326       
web                  0.000153529850018    810        150       
strategy             0.000153446072158    1605       446       
atoms                0.000153322384646    696        105       
stores               0.000153288580587    1210       311       
top                  0.000153121173418    2003       557       
decision             0.000153115427832    1385       375       
dependency           0.000152975359246    931        201       
lisp                 0.000152923416545    1266       333       
skip                 0.000152878747623    911        193       
summaries            0.000152737474895    547        53        
annotation           0.000152670568063    951        210       
rewriting            0.000152429018756    1065       257       
shall                0.000152377335733    1333       359       
holds                0.000152038606682    3553       823       
partition            0.000151976477501    937        206       
word                 0.00015193190772     1084       266       
tn                   0.000151778795625    1136       287       
modular              0.000151683794618    1245       329       
pop                  0.000151641995397    761        134       
group                0.000151474622939    1314       355       
postcondition        0.000151365127604    725        120       
signatures           0.000151097760694    802        152       
ps                   0.000151089332514    1098       274       
computed             0.000150945401424    2191       608       
segment              0.000150846453814    725        121       
conditions           0.000150677240433    3112       771       
box                  0.000150501121044    830        165       
callbyvalue          0.000150387451001    968        223       
merge                0.000150107444572    947        215       
structural           0.000150075829032    1465       412       
then                 0.000149800578668    35268      1287      
active               0.000149734924057    1056       261       
software             0.00014946761482     2770       723       
can                  0.000149451892715    47959      1304      
fair                 0.000149351231402    703        115       
implementations      0.000149323994803    1717       493       
item                 0.000149304261048    742        131       
properties           0.000149205758985    6770       1047      
eg                   0.000149090671492    4901       950       
external             0.000148976108172    1036       255       
formulae             0.000148973877146    716        121       
language             0.000148809312476    19071      1235      
sl                   0.000148754963792    1136       296       
aa                   0.000148515219418    1510       432       
interaction          0.000148432606588    1258       344       
updates              0.000148280064137    1145       301       
components           0.000148188243987    2512       682       
casts                0.000148051965425    563        64        
generated            0.000147880035504    2951       756       
tail                 0.000147797536028    923        211       
instances            0.000147675230854    1618       469       
fi                   0.000147578263608    1525       440       
es                   0.000147566190415    1206       327       
rewrite              0.000147394315518    1025       255       
app                  0.000147246845409    798        159       
ie                   0.000147177311742    8133       1096      
red                  0.000147154485084    658        101       
labelled             0.000147106804132    914        209       
dependencies         0.000146989284509    965        231       
precise              0.000146756511724    2379       661       
address              0.000146699984188    2125       607       
items                0.000146689264016    748        139       
ok                   0.000146457737123    768        148       
executed             0.000146250397178    1917       558       
accesses             0.00014618197414     955        229       
information          0.00014612185755     8754       1114      
intermediate         0.000145693432504    1744       513       
benchmark            0.000145683798857    815        170       
xy                   0.000145637993549    1301       369       
on                   0.00014554429163     60844      1315      
sp                   0.000145340986288    873        196       
functors             0.000145286510412    622        90        
machines             0.000145086436241    1173       322       
exceptions           0.000145041878811    862        192       
wrt                  0.000145032607132    786        159       
protocols            0.000144751189161    766        151       
game                 0.000144636743889    609        86        
eval                 0.00014459104269     779        157       
conversion           0.000144539301136    991        249       
fragment             0.000144474363855    1296       371       
fp                   0.00014437324872     764        151       
canonical            0.000144306415794    966        239       
atom                 0.000144290462562    655        105       
classical            0.000144279314302    1197       334       
which                0.00014424372047     41841      1299      
expr                 0.0001442287581      620        91        
pairs                0.000143967853401    2610       713       
reads                0.000143818256242    1074       286       
distributions        0.000143597157939    499        48        
ap                   0.000143232482341    1342       392       
denote               0.000143232426863    3085       789       
com                  0.00014311793589     1500       447       
summary              0.000143111813612    1420       420       
upper                0.000143056458818    1357       398       
springer             0.000142680504029    1529       458       
existential          0.000142656319618    875        204       
qi                   0.000142589623037    861        198       
tools                0.000142401128533    1576       474       
arc                  0.000142333807909    794        169       
ms                   0.000142158580636    931        230       
cf                   0.000141966069256    1193       340       
secure               0.000141904151092    675        118       
pa                   0.00014188326872     1428       427       
cc                   0.000141870539103    1147       322       
tokens               0.000141684298736    547        67        
sc                   0.000141392442375    883        211       
cycle                0.000141376632656    910        223       
mi                   0.00014121088833     959        245       
final                0.000141097870086    2644       728       
fairness             0.000140831508415    541        66        
forward              0.000140740135555    1094       304       
lines                0.000140710271106    1729       526       
proving              0.000140581831488    2140       631       
left                 0.000140291493668    3480       847       
exists               0.000139977714799    4001       901       
en                   0.000139952170983    1400       424       
instantiation        0.000139902476779    932        237       
aliases              0.000139808844545    601        91        
laws                 0.00013977582916     715        140       
push                 0.000139661342328    768        164       
cast                 0.000139656877213    662        117       
primitives           0.000139462576462    1162       336       
pt                   0.000139430880724    853        203       
ss                   0.000139395719471    1222       360       
ct                   0.000139364070282    976        258       
problems             0.000139346748862    3125       806       
mechanism            0.000139247659424    1760       540       
vn                   0.00013922853813     812        185       
via                  0.000138823293587    2660       738       
get                  0.000138806998624    3054       798       
lp                   0.000138797811634    750        158       
every                0.000138794257789    8845       1127      
current              0.000138758586115    3860       891       
family               0.000138633908574    1133       327       
rf                   0.00013849596018     624        103       
imperative           0.000138278576135    1277       385       
©                    0.000138194318762    671        124       
symposium            0.000138134239833    3083       804       
ee                   0.000138063793458    1038       289       
basic                0.00013796878536     3727       880       
bisimilarity         0.00013795057027     431        33        
pass                 0.000137931716297    1295       393       
pair                 0.000137866917788    3754       883       
ri                   0.000137840825367    1100       316       
pre                  0.000137764638448    1097       315       
