0
0
0
0
0
0
0
0
0
0
0
0
0
0
0
0
0
0
0
0
0
0
0
0
0
0
0
0
0
0
0
0
0
0
0
0
0
0
0
0
0
0
0
0
0
0
0
0
0
0
0
0
0
0
0
0
0
0
0
4522
3535
1700
4179
3634
1745
1776
2387
2458
2263
3122
4729
6325
2753
3239
2689
2373
3276
3676
1065
2864
3432
2004
3719
2763
2782
1776
4062
2960
1395
2730
5116
0
0
0
0
0
0
0
0
0
0
0
0
0
0
0
0
0
0
0
0
0
0
0
0
0
0
0
0
0
0
1900
5750
4091
4210
0
1523
2533
1219
4537
3726
0
2530
0
3704
1954
0
2942
4129
2060
2323
0
3099
2523
2261
2900
3486
3910
0
3116
2724
2035
2998
1982
3657
3246
0
1804
2508
3979
1015
2501
2439
2387
3744
0
2394
2512
4045
1426
0
1442
2902
3788
6696
3927
0
2676
3540
4347
2040
0
2173
3153
4212
3995
0
2350
2065
3738
3315
2419
4782
2794
2255
3928
1846
2911
3000
1971
2007
0
2271
1315
3776
3137
1661
1037
851
4377
3801
1701
3939
3511
4676
3437
2404
2422
1882
1893
2462
2080
2848
2276
3400
2873
2298
3451
2369
2388
3490
3994
3306
97
0
0
0
0
0
0
0
0
0
0
0
0
0
0
0
0
0
0
0
0
0
0
0
0
0
0
0
0
0
0
0
0
0
0
0
0
0
0
0
0
0
0
0
0
0
0
0
0
0
0
0
0
0
0
0
0
0
0
0
0
1135
6428
5390
7842
5246
6574
6918
6350
5320
5529
5674
2261
5801
5289
4961
4874
5832
4221
4012
6164
5682
4518
6027
4359
5805
6007
5108
5456
5918
6343
5521
6567
468
5742
6476
6421
5739
5043
4634
7373
6173
4229
5973
5638
6928
6008
6518
7263
6328
4987
5516
7203
2218
5679
5497
6765
5183
400
4218
6818
6589
1094
5175
7020
5135
5954
6824
6806
5376
4902
6940
7562
5702
5896
4779
6740
4413
5824
6594
7270
5982
7133
6769
7179
4788
5207
5977
5941
6191
1760
4124
7030
5817
942
5268
7119
6050
5632
4622
5769
5268
6017
6007
5503
449
6125
7351
6347
5617
6409
5945
6236
1003
6240
6182
7391
5498
5812
7715
6765
1086
7174
5907
5509
6578
4739
6577
6066
6551
7975
5590
7899
6090
5790
7012
0
5845
6406
5658
6844
7206
339
1250
6139
6913
5553
7115
5687
6387
5077
6193
239
7141
4086
6357
5493
5489
6008
5985
5700
6541
6104
5410
5424
5180
5645
6136
6241
5290
5786
453
7147
6952
6521
5510
6536
6729
6150
6620
5818
6127
5909
6270
7540
5695
6563
4413
5892
4924
456
1138
6348
5595
5970
6432
8347
7425
7358
5653
6109
6675
6899
269
2737
7316
7657
6581
5501
4744
6816
5084
5802
7246
5330
6068
5168
6490
6910
7836
7923
4626
4633
5560
5606
4998
6404
4662
4876
5986
5978
6512
5976
5672
6297
5445
5999
5619
5181
5921
6286
5846
7971
7707
5405
1676
3756
5348
4306
3294
3725
4914
3238
2829
2772
1443
2676
2206
3374
3188
4429
4004
4112
2310
2699
2444
2619
2035
2306
1747
2176
1864
2720
1830
1229
4740
4009
856
1666
1922
4781
3325
2919
4884
2646
3187
0
5011
2495
1937
1905
0
2785
0
2868
1446
3140
2548
0
3577
1520
1230
4251
7050
0
2977
174
1692
3075
0
4111
1758
2404
4075
2529
1247
0
1431
2114
3220
4038
0
4113
2698
1911
2445
3032
2006
3856
2451
3067
0
1767
2301
2369
1614
3173
3260
4645
2049
4187
3760
2979
3114
0
3489
3604
1845
1390
3290
0
3294
2975
5196
2343
3932
3404
4728
3045
3829
2476
2693
3366
3093
2443
5766
3272
3672
3404
2244
4433
1722
2291
2391
1921
2093
4323
2471
2700
3419
4332
2762
2865
1198
2419
5031
4341
2691
3785
4859
3749
5065
5266
4744
3111
3685
3592
3986
3229
4313
4334
3971
3629
4558
5593
5374
4564
5445
4237
3107
3881
3948
5316
4689
2921
5739
3845
324
4848
4423
4391
2775
3807
3742
4403
2881
4807
5131
3291
4118
4384
3692
3327
5361
5260
4289
3044
4122
3986
1814
3089
5311
4800
3784
2593
3761
5104
3970
4433
2658
4062
0
2398
3026
3985
4956
5856
3293
2536
5351
3411
3339
5469
0
0
0
0
0
0
0
0
0
0
0
0
0
0
0
0
0
0
0
0
0
0
0
0
0
0
0
0
0
0
0
0
0
0
0
0
0
4635
5842
2786
5764
4089
5317
4719
3442
4933
3247
4147
4327
3964
5888
4512
5095
4375
0
4960
4031
3766
4640
5173
0
5315
3350
3859
5226
3930
4199
4068
5528
1905
2377
4273
4189
3715
3457
4246
2926
0
3377
3250
3736
3596
4399
3065
3671
2966
4052
4068
3030
3697
2898
4756
3102
8286
3696
4196
1559
0
4439
3847
2847
0
0
0
0
0
0
0
0
0
0
0
0
0
0
0
0
0
0
0
0
0
0
0
0
0
0
0
0
0
0
0
0
355
4722
3860
2243
0
328
2908
0
3015
2860
0
3911
4603
5283
0
3337
2936
4949
0
3903
3236
3753
4110
4384
3771
3852
4499
3834
2776
1786
2242
4985
4345
4241
4049
5067
3991
3801
3705
4554
0
4388
3401
4057
3366
2730
3998
3254
3726
3069
3918
3231
3595
4390
4532
4248
3170
3268
3778
4451
3201
4252
3295
3906
4921
4173
5068
3442
2894
4337
2079
3502
2838
5018
5062
5291
6356
4677
4618
5511
6352
4098
4697
6497
2914
0
5306
4353
6055
2790
2856
0
4456
4419
3021
4888
5083
5309
5507
0
0
0
0
0
0
0
0
0
0
0
0
0
0
0
0
0
0
0
0
0
0
0
0
0
0
0
0
0
0
0
0
0
5881
6336
0
0
6559
4927
5013
0
4298
4581
7395
0
5457
852
5844
0
6199
4125
5531
5375
4935
4622
4244
0
0
0
0
0
0
4966
4639
4126
5150
3117
3437
5312
4436
4982
5605
4536
4684
4692
6187
4035
4098
4743
5731
0
4844
3831
4322
4603
3321
2753
0
0
0
0
0
0
0
0
0
0
0
0
0
0
0
0
0
0
0
0
0
0
0
0
0
0
0
0
0
0
0
1057
2676
4690
4427
4665
1067
2145
5071
5666
3431
5785
633
4692
3817
4254
5841
1580
5318
1369
424
4890
4712
5685
0
3022
650
267
7066
6079
6314
3991
6574
0
5825
6422
5433
4682
6489
6823
6722
4952
5191
0
6673
5803
5979
4010
6372
5902
5561
6629
6542
5073
6253
5998
6544
6885
6292
5118
4187
5582
4805
101
4108
3965
5087
6366
4558
5600
537
3224
4923
1946
5198
6365
5478
5732
5563
6234
3884
5746
5251
913
4842
5557
3094
888
2464
7148
5237
5088
5573
5253
3366
5399
1167
4283
4289
2510
4351
2722
6820
4100
4661
5146
7054
3953
5769
5636
6057
4298
4095
6320
5593
4384
4965
5469
5134
5559
4699
4293
4671
4646
5029
3921
3354
2774
4287
5432
5044
5285
4496
4116
3951
4624
4971
5379
5471
6074
4532
4815
6666
4721
4989
4222
4203
4591
6016
6635
5794
5587
5691
6929
4683
6097
5582
4177
2451
4529
5416
4786
6868
5060
4255
4817
5648
5560
5692
5359
5345
5538
6620
5486
2219
7148
5765
5934
3775
5664
6917
6840
5898
4386
4341
6279
5456
4946
6398
0
7281
769
523
132
5542
4415
5615
7312
4662
2874
239
6770
5164
6306
5982
201
5087
5112
3787
7628
5125
6878
6451
5967
5623
6606
6670
4919
5934
421
7081
5547
4385
5019
6751
5711
5110
5525
4405
6687
5918
6805
6335
5164
6023
3644
5446
5064
5729
